9
1
2
18 17 3 1 0 -1
19 17 1 1 0 3
haar_x3
-1.087857e-004 0 -1
-9.000000e-001 3.000001e-001 
1
2
8 22 24 1 0 -1
16 22 8 1 0 3
haar_x3
3.931448e-003 0 -1
-5.965480e-001 3.424036e-001 
1
2
19 20 2 2 0 -1
19 21 2 1 0 2
haar_y2
-9.718270e-005 0 -1
7.987215e-001 -2.755733e-001 
1
3
20 23 6 4 0 -1
23 23 3 2 0 2
20 25 3 2 0 2
haar_x2_y2
-5.653217e-003 0 -1
9.354532e-001 -8.851800e-002 
1
3
14 23 6 4 0 -1
14 23 3 2 0 2
17 25 3 2 0 2
haar_x2_y2
-3.777770e-003 0 -1
8.587406e-001 -2.364762e-001 
1
2
19 21 3 4 0 -1
20 21 1 4 0 3
haar_x3
-1.703526e-003 0 -1
7.161202e-001 -1.857457e-001 
1
3
15 23 2 2 0 -1
15 23 1 1 0 2
16 24 1 1 0 2
haar_x2_y2
2.341256e-004 0 -1
-3.109550e-001 6.948437e-001 
1
2
19 16 2 2 0 -1
19 16 1 2 0 2
haar_x2
-2.078918e-004 0 -1
-9.361871e-001 2.680020e-001 
1
2
4 0 3 29 0 -1
5 0 1 29 0 3
haar_x3
2.613496e-003 0 -1
-4.707555e-001 4.909618e-001 
-7.396357e-001

8
-1
