3
3
2
0 11 6 13 0 -1
2 11 2 13 0 3
haar_x3
9.374733e-003 1 2
2
10 20 7 9 0 -1
10 23 7 3 0 3
haar_y3
3.627632e-002 0 -1
2
0 19 6 6 0 -1
3 19 3 6 0 2
haar_x2
-4.698397e-003 -2 -3
-7.025642e-001 8.461534e-001 -5.652172e-001 8.205131e-001 
3
2
26 8 1 2 0 -1
26 9 1 1 0 2
haar_y2
5.453406e-005 1 2
2
26 9 4 12 0 -1
26 9 2 12 0 2
haar_x2
7.588225e-003 0 -1
3
24 1 2 16 0 -1
25 1 1 8 0 2
24 9 1 8 0 2
haar_x2_y2
-4.301445e-003 -2 -3
-2.070704e-001 6.503963e-001 6.137037e-001 -8.657597e-002 
3
2
3 8 1 2 0 -1
3 9 1 1 0 2
haar_y2
-8.352792e-006 1 2
2
0 9 4 12 0 -1
2 9 2 12 0 2
haar_x2
-6.318834e-004 0 -1
2
4 11 2 7 0 -1
5 11 1 7 0 2
haar_x2
-1.723244e-003 -2 -3
-7.443309e-001 8.450925e-001 3.564333e-001 -7.603683e-001 
-8.125362e-001

3
-1
