7
1
3
17 21 4 2 0 -1
17 21 2 1 0 2
19 22 2 1 0 2
haar_x2_y2
1.434318e-003 0 -1
-3.546100e-001 8.474579e-001 
1
2
14 15 12 7 0 -1
18 15 4 7 0 3
haar_x3
-2.269947e-003 0 -1
4.184241e-001 -7.004586e-001 
1
2
17 17 4 1 0 -1
19 17 2 1 0 2
haar_x2
-1.147312e-004 0 -1
-8.757285e-001 3.042116e-001 
1
2
18 3 5 16 0 -1
18 11 5 8 0 2
haar_y2
-1.403371e-002 0 -1
4.852661e-001 -5.325640e-001 
1
2
0 10 12 21 0 -1
4 10 4 21 0 3
haar_x3
1.014030e-002 0 -1
-5.422786e-001 4.951608e-001 
1
3
20 20 2 6 0 -1
21 20 1 3 0 2
20 23 1 3 0 2
haar_x2_y2
-8.499302e-004 0 -1
7.707809e-001 -2.853919e-001 
1
2
18 24 3 1 0 -1
19 24 1 1 0 3
haar_x3
-5.609717e-004 0 -1
8.498518e-001 -4.365533e-001 
-1.510206e+000

2
-1
