5
1
2
6 4 12 6 0 -1
10 4 4 6 0 3
haar_x3
4.979401e-002 0 -1
-7.849463e-001 6.822432e-001 
1
2
19 10 4 1 0 -1
19 10 2 1 0 2
haar_x2
8.576241e-004 0 -1
-4.547326e-001 5.239010e-001 
1
2
3 2 18 12 0 -1
3 6 18 4 0 3
haar_y3
-7.402928e-002 0 -1
6.192262e-001 -8.818617e-001 
1
2
21 2 3 11 0 -1
22 2 1 11 0 3
haar_x3
-1.340691e-002 0 -1
7.840777e-001 -4.011767e-001 
1
2
1 10 4 1 0 -1
3 10 2 1 0 2
haar_x2
1.611574e-003 0 -1
-7.322382e-001 7.252619e-001 
-8.188217e-001

2
-1
