5
1
3
4 6 14 8 0 -1
4 6 7 4 0 2
11 10 7 4 0 2
haar_x2_y2
-1.502305e-002 0 -1
6.777251e-001 -7.566140e-001 
1
2
14 7 2 8 0 -1
14 11 2 4 0 2
haar_y2
-5.966029e-003 0 -1
1.757509e-001 -2.059758e-001 
1
3
10 5 4 10 0 -1
10 5 2 5 0 2
12 10 2 5 0 2
haar_x2_y2
1.070483e-002 0 -1
-8.687544e-001 5.399833e-001 
1
2
14 10 9 7 0 -1
17 10 3 7 0 3
haar_x3
1.601117e-002 0 -1
-2.544637e-001 2.082761e-001 
1
2
2 10 9 7 0 -1
5 10 3 7 0 3
haar_x3
4.272635e-002 0 -1
-7.837512e-001 6.299855e-001 
-6.163549e-001

5
-1
