11
1
2
9 0 4 2 0 -1
9 1 4 1 0 2
haar_y2
-3.117433e-004 0 -1
-5.186726e-001 3.481890e-001 
1
2
12 14 9 2 0 -1
15 14 3 2 0 3
haar_x3
-4.056553e-003 0 -1
1.043166e-001 -1.192731e-001 
1
2
4 14 9 2 0 -1
7 14 3 2 0 3
haar_x3
-4.885466e-003 0 -1
6.162612e-001 -2.670869e-001 
1
3
13 14 2 2 0 -1
14 14 1 1 0 2
13 15 1 1 0 2
haar_x2_y2
2.103512e-003 0 -1
-1.928470e-001 9.999973e-001 
1
2
0 0 12 1 0 -1
4 0 4 1 0 3
haar_x3
-2.383180e-004 0 -1
-4.507779e-001 3.817300e-001 
1
3
13 14 2 2 0 -1
14 14 1 1 0 2
13 15 1 1 0 2
haar_x2_y2
-1.820709e-003 0 -1
6.350229e-001 -1.244761e-001 
1
3
10 14 2 2 0 -1
10 14 1 1 0 2
11 15 1 1 0 2
haar_x2_y2
3.519788e-004 0 -1
-3.049280e-001 5.920647e-001 
1
2
11 10 4 1 0 -1
11 10 2 1 0 2
haar_x2
-1.523144e-005 0 -1
2.626046e-001 -7.247331e-001 
1
2
4 0 9 8 0 -1
4 4 9 4 0 2
haar_y2
-8.553089e-004 0 -1
-3.054419e-001 6.377305e-001 
1
2
12 1 2 3 0 -1
12 1 1 3 0 2
haar_x2
2.583757e-004 0 -1
1.906994e-001 -4.320050e-001 
1
3
2 6 18 2 0 -1
2 6 9 1 0 2
11 7 9 1 0 2
haar_x2_y2
-2.666968e-003 0 -1
5.261369e-001 -3.626305e-001 
-1.223527e+000

14
-1
