5
1
2
10 10 4 6 0 -1
10 13 4 3 0 2
haar_y2
9.663834e-003 0 -1
-5.826088e-001 7.882351e-001 
1
2
8 9 9 4 0 -1
11 9 3 4 0 3
haar_x3
4.433224e-003 0 -1
3.756511e-001 -8.627768e-001 
1
2
12 11 1 6 0 -1
12 13 1 2 0 3
haar_y3
5.067875e-003 0 -1
-2.913284e-001 9.790909e-001 
1
3
13 8 8 6 0 -1
17 8 4 3 0 2
13 11 4 3 0 2
haar_x2_y2
1.309587e-002 0 -1
-1.536537e-001 8.284600e-001 
1
2
11 10 2 1 0 -1
12 10 1 1 0 2
haar_x2
-2.081341e-004 0 -1
-9.111773e-001 3.344165e-001 
-5.738375e-001

-1
-1
