5
1
2
2 5 6 17 0 -1
5 5 3 17 0 2
haar_x2
-3.824692e-002 0 -1
9.189190e-001 -5.396827e-001 
1
3
26 8 2 8 0 -1
27 8 1 4 0 2
26 12 1 4 0 2
haar_x2_y2
-5.681927e-003 0 -1
9.282175e-001 -1.472079e-001 
1
2
13 0 3 8 0 -1
13 4 3 4 0 2
haar_y2
-2.444812e-002 0 -1
9.078379e-001 -5.816787e-001 
1
2
15 8 2 3 0 -1
15 9 2 1 0 3
haar_y3
-6.048799e-003 0 -1
6.497810e-001 -4.102439e-001 
1
2
12 7 3 2 0 -1
12 8 3 1 0 2
haar_y2
3.333838e-003 0 -1
-5.151559e-001 8.027183e-001 
-8.760949e-001

5
-1
