3
3
2
2 2 5 2 0 -1
2 3 5 1 0 2
haar_y2
6.762400e-004 1 2
2
13 11 4 6 0 -1
13 13 4 2 0 3
haar_y3
5.984688e-003 0 -1
3
10 9 2 12 0 -1
10 9 1 6 0 2
11 15 1 6 0 2
haar_x2_y2
-3.585739e-004 -2 -3
8.369566e-001 -6.956520e-001 1.000000e+000 -9.084969e-001 
3
2
13 1 6 1 0 -1
15 1 2 1 0 3
haar_x3
1.086372e-003 1 2
2
24 27 4 3 0 -1
24 28 4 1 0 3
haar_y3
-7.120991e-004 0 -1
3
25 4 4 26 0 -1
27 4 2 13 0 2
25 17 2 13 0 2
haar_x2_y2
9.991975e-003 -2 -3
-5.688228e-001 2.175707e-001 -2.926286e-001 5.887226e-001 
3
2
11 1 6 1 0 -1
13 1 2 1 0 3
haar_x3
3.170419e-004 1 2
2
13 12 4 2 0 -1
13 13 4 1 0 2
haar_y2
6.329935e-004 0 -1
3
2 8 2 18 0 -1
2 8 1 9 0 2
3 17 1 9 0 2
haar_x2_y2
4.501260e-005 -2 -3
1.000000e+000 -4.009404e-001 -9.426443e-001 9.999924e-001 
-1.091866e+000

13
-1
