5
1
2
11 11 3 4 0 -1
11 13 3 2 0 2
haar_y2
2.307342e-003 0 -1
-7.428574e-001 4.000000e-001 
1
2
12 6 1 4 0 -1
12 8 1 2 0 2
haar_y2
-2.390359e-003 0 -1
6.899170e-001 -4.222671e-001 
1
2
5 13 15 3 0 -1
10 13 5 3 0 3
haar_x3
5.107495e-003 0 -1
-5.086634e-001 5.135413e-001 
1
2
12 10 1 2 0 -1
12 11 1 1 0 2
haar_y2
2.698965e-004 0 -1
2.879958e-001 -9.755893e-001 
1
2
1 7 6 16 0 -1
3 7 2 16 0 3
haar_x3
1.451387e-002 0 -1
-4.695535e-001 6.177844e-001 
-8.331409e-001

0
-1
