11
1
2
11 10 3 1 0 -1
12 10 1 1 0 3
haar_x3
-3.631466e-004 0 -1
-8.281252e-001 2.245762e-001 
1
2
20 6 3 14 0 -1
21 6 1 14 0 3
haar_x3
-1.001890e-002 0 -1
4.840306e-001 -1.040576e-001 
1
2
11 14 2 10 0 -1
11 19 2 5 0 2
haar_y2
4.370625e-003 0 -1
-3.393340e-001 5.652675e-001 
1
2
20 6 3 14 0 -1
21 6 1 14 0 3
haar_x3
2.002400e-002 0 -1
2.944756e-002 6.490761e-001 
1
2
10 14 3 1 0 -1
11 14 1 1 0 3
haar_x3
-1.946318e-003 0 -1
7.892152e-001 -2.038837e-001 
1
2
15 15 4 2 0 -1
15 16 4 1 0 2
haar_y2
2.620941e-003 0 -1
-1.048331e-001 4.329970e-001 
1
2
2 6 3 14 0 -1
3 6 1 14 0 3
haar_x3
8.642398e-003 0 -1
-2.634552e-001 6.406654e-001 
1
2
11 1 3 2 0 -1
12 1 1 2 0 3
haar_x3
3.710862e-004 0 -1
3.400175e-001 -5.859643e-001 
1
3
7 14 2 2 0 -1
7 14 1 1 0 2
8 15 1 1 0 2
haar_x2_y2
-9.486561e-004 0 -1
7.389556e-001 -2.578301e-001 
1
3
4 20 18 2 0 -1
13 20 9 1 0 2
4 21 9 1 0 2
haar_x2_y2
-2.721434e-003 0 -1
3.852360e-001 -1.049306e-001 
1
2
7 15 2 3 0 -1
7 16 2 1 0 3
haar_y3
2.007138e-003 0 -1
-2.222552e-001 7.174371e-001 
-1.006538e+000

12
-1
