5
1
2
6 4 1 14 0 -1
6 11 1 7 0 2
haar_y2
6.803107e-003 0 -1
-8.540146e-001 4.448670e-001 
1
2
21 4 3 7 0 -1
22 4 1 7 0 3
haar_x3
-1.621460e-002 0 -1
4.330147e-001 -2.579465e-001 
1
2
2 8 3 3 0 -1
3 8 1 3 0 3
haar_x3
1.983526e-004 0 -1
-7.317860e-001 5.059619e-001 
1
3
9 0 14 16 0 -1
16 0 7 8 0 2
9 8 7 8 0 2
haar_x2_y2
-1.560940e-002 0 -1
4.821571e-001 -7.207434e-001 
1
3
1 1 20 12 0 -1
1 1 10 6 0 2
11 7 10 6 0 2
haar_x2_y2
3.924754e-002 0 -1
4.686983e-001 -8.957092e-001 
-9.584174e-001

10
-1
