5
3
2
12 13 1 2 0 -1
12 14 1 1 0 2
haar_y2
-1.201199e-004 0 1
2
12 13 1 2 0 -1
12 14 1 1 0 2
haar_y2
1.347526e-004 2 -1
2
0 1 29 3 0 -1
0 2 29 1 0 3
haar_y3
8.337131e-003 -2 -3
-6.800001e-001 -5.277779e-001 5.829384e-001 -1.000000e+000 
3
2
0 13 30 4 0 -1
10 13 10 4 0 3
haar_x3
-6.672246e-002 0 1
2
11 6 8 4 0 -1
11 8 8 2 0 2
haar_y2
2.090644e-003 -1 2
2
14 18 2 2 0 -1
14 19 2 1 0 2
haar_y2
1.049316e-004 -2 -3
5.514479e-001 -4.482931e-001 1.724272e-001 -2.313209e-001 
3
2
0 11 3 7 0 -1
1 11 1 7 0 3
haar_x3
9.489662e-004 1 2
3
7 21 16 6 0 -1
7 21 8 3 0 2
15 24 8 3 0 2
haar_x2_y2
-2.691826e-002 0 -1
3
2 6 4 12 0 -1
2 6 2 6 0 2
4 12 2 6 0 2
haar_x2_y2
-3.619659e-003 -2 -3
8.493044e-001 -5.627742e-001 8.175035e-001 -3.961147e-001 
3
2
14 10 3 1 0 -1
15 10 1 1 0 3
haar_x3
-7.334281e-004 1 0
3
19 9 2 2 0 -1
20 9 1 1 0 2
19 10 1 1 0 2
haar_x2_y2
1.931327e-003 2 -1
2
18 23 1 3 0 -1
18 24 1 1 0 3
haar_y3
-5.732929e-005 -2 -3
-1.863576e-001 8.654359e-001 -3.490435e-001 1.812003e-001 
3
2
9 17 3 1 0 -1
10 17 1 1 0 3
haar_x3
-3.723660e-004 0 1
2
0 15 4 3 0 -1
2 15 2 3 0 2
haar_x2
2.181133e-004 2 -1
3
2 12 10 4 0 -1
2 12 5 2 0 2
7 14 5 2 0 2
haar_x2_y2
7.804367e-004 -2 -3
-7.412688e-001 6.230881e-001 -7.931763e-001 4.948210e-001 
-7.963025e-001

7
-1
