5
1
2
6 13 12 1 0 -1
10 13 4 1 0 3
haar_x3
6.019017e-003 0 -1
-5.846995e-001 4.930873e-001 
1
2
11 9 2 2 0 -1
11 10 2 1 0 2
haar_y2
4.147565e-004 0 -1
2.029462e-001 -1.000002e+000 
1
2
11 9 2 2 0 -1
11 10 2 1 0 2
haar_y2
-1.237891e-004 0 -1
-7.672479e-001 4.906848e-001 
1
2
12 12 1 3 0 -1
12 13 1 1 0 3
haar_y3
2.245103e-003 0 -1
-3.593187e-001 3.578477e-001 
1
3
11 11 2 6 0 -1
11 11 1 3 0 2
12 14 1 3 0 2
haar_x2_y2
2.091072e-003 0 -1
-4.194950e-001 6.395228e-001 
-8.687971e-001

2
-1
