7
1
2
0 0 21 20 0 -1
0 10 21 10 0 2
haar_y2
3.530023e-002 0 -1
6.249999e-001 -7.142867e-001 
1
3
4 5 20 8 0 -1
14 5 10 4 0 2
4 9 10 4 0 2
haar_x2_y2
2.010663e-002 0 -1
-2.525123e-001 6.852997e-001 
1
2
10 11 2 1 0 -1
11 11 1 1 0 2
haar_x2
-2.131874e-004 0 -1
-6.274825e-001 3.878605e-001 
1
2
12 8 2 2 0 -1
12 9 2 1 0 2
haar_y2
2.626113e-004 0 -1
2.650454e-001 -6.846446e-001 
1
2
4 0 4 2 0 -1
4 1 4 1 0 2
haar_y2
3.121045e-004 0 -1
3.304113e-001 -6.119382e-001 
1
2
14 12 9 6 0 -1
17 12 3 6 0 3
haar_x3
-1.269777e-002 0 -1
6.986286e-001 -3.456561e-001 
1
2
2 12 9 6 0 -1
5 12 3 6 0 3
haar_x3
-4.003951e-003 0 -1
4.800075e-001 -5.103590e-001 
-8.513749e-001

5
-1
