3
3
2
2 9 8 11 0 -1
6 9 4 11 0 2
haar_x2
-2.317334e-002 2 1
2
14 9 2 3 0 -1
14 10 2 1 0 3
haar_y3
3.035441e-003 0 -1
2
2 3 18 10 0 -1
8 3 6 10 0 3
haar_x3
-1.128789e-001 -2 -3
-6.881721e-001 6.470586e-001 -8.947368e-001 7.639754e-001 
3
2
19 1 6 4 0 -1
19 3 6 2 0 2
haar_y2
-2.691019e-003 2 1
3
16 2 6 2 0 -1
19 2 3 1 0 2
16 3 3 1 0 2
haar_x2_y2
3.618825e-004 0 -1
2
15 20 6 3 0 -1
15 21 6 1 0 3
haar_y3
6.394675e-003 -2 -3
1.717497e-001 -3.658519e-001 -9.518120e-002 8.649393e-001 
3
2
5 1 7 4 0 -1
5 3 7 2 0 2
haar_y2
-6.472156e-004 2 1
2
0 2 1 2 0 -1
0 3 1 1 0 2
haar_y2
7.734320e-005 0 -1
2
9 20 6 3 0 -1
9 21 6 1 0 3
haar_y3
3.700604e-003 -2 -3
6.517652e-001 -5.655166e-001 -8.798288e-001 7.171068e-001 
-4.022588e-001

1
-1
