3
3
2
10 14 8 1 0 -1
14 14 4 1 0 2
haar_x2
-1.277589e-003 0 1
2
5 0 9 2 0 -1
8 0 3 2 0 3
haar_x3
-4.398555e-003 -1 2
2
13 12 4 2 0 -1
13 13 4 1 0 2
haar_y2
6.329935e-004 -2 -3
-6.233767e-001 -5.932205e-001 9.727891e-001 -3.000000e-001 
3
2
29 21 1 2 0 -1
29 22 1 1 0 2
haar_y2
6.374392e-004 2 1
2
13 1 4 1 0 -1
13 1 2 1 0 2
haar_x2
2.508025e-004 0 -1
2
17 21 2 3 0 -1
17 22 2 1 0 3
haar_y3
-1.741269e-003 -2 -3
3.597702e-001 -6.708506e-001 6.694879e-001 -1.381536e-002 
3
2
0 21 1 2 0 -1
0 22 1 1 0 2
haar_y2
-9.403883e-005 2 1
2
12 0 4 4 0 -1
12 2 4 2 0 2
haar_y2
1.867144e-003 0 -1
2
11 21 2 3 0 -1
11 22 2 1 0 3
haar_y3
3.094109e-003 -2 -3
8.505854e-001 -4.473503e-001 -8.959414e-001 9.063672e-001 
-1.084542e+000

12
-1
