5
1
2
19 17 1 3 0 -1
19 18 1 1 0 3
haar_y3
1.683121e-005 0 -1
-5.609757e-001 8.961042e-001 
1
2
18 10 7 9 0 -1
18 13 7 3 0 3
haar_y3
-4.143216e-003 0 -1
4.635307e-001 -2.799882e-001 
1
3
0 21 4 2 0 -1
0 21 2 1 0 2
2 22 2 1 0 2
haar_x2_y2
-1.100806e-004 0 -1
-5.473381e-001 8.671799e-001 
1
2
14 12 18 4 0 -1
20 12 6 4 0 3
haar_x3
8.044919e-003 0 -1
-1.855236e-001 8.564249e-001 
1
2
2 0 25 12 0 -1
2 4 25 4 0 3
haar_y3
-3.148260e-002 0 -1
-8.955324e-001 5.759144e-001 
-2.687592e-001

11
-1
