5
1
2
13 13 3 8 0 -1
14 13 1 8 0 3
haar_x3
3.147107e-003 0 -1
4.370371e-001 -9.076928e-001 
1
3
18 15 6 12 0 -1
21 15 3 6 0 2
18 21 3 6 0 2
haar_x2_y2
8.433614e-003 0 -1
-2.934224e-001 2.153683e-001 
1
3
6 8 6 10 0 -1
6 8 3 5 0 2
9 13 3 5 0 2
haar_x2_y2
-1.772216e-002 0 -1
6.607082e-001 -6.488231e-001 
1
2
16 12 3 5 0 -1
17 12 1 5 0 3
haar_x3
-3.213204e-003 0 -1
-5.491040e-001 2.138620e-001 
1
3
13 12 4 10 0 -1
13 12 2 5 0 2
15 17 2 5 0 2
haar_x2_y2
3.433248e-003 0 -1
3.620448e-001 -9.999969e-001 
-7.652409e-001

7
-1
