5
1
2
7 11 12 1 0 -1
10 14 6 1 0 2
tilted_haar_x4
-3.968611e-003 0 -1
4.779117e-001 -7.880797e-001 
1
2
13 1 1 12 0 -1
9 5 1 4 0 3
tilted_haar_x3
-2.706482e-002 0 -1
2.698671e-001 -4.507534e-001 
1
2
1 2 10 1 0 -1
6 2 5 1 0 2
haar_x2
9.755471e-003 0 -1
-5.717577e-001 6.168895e-001 
1
2
8 8 12 8 0 -1
8 10 12 4 0 2
haar_y4
2.686570e-002 0 -1
-8.272013e-001 4.381753e-001 
1
2
0 0 3 13 0 -1
1 0 1 13 0 3
haar_x3
-9.370321e-003 0 -1
5.525956e-001 -6.724567e-001 
-8.965493e-001

5
-1
