7
1
2
12 1 12 2 0 -1
16 5 4 2 0 3
tilted_haar_x3
-4.642072e-002 0 -1
6.651983e-001 -8.728326e-001 
1
2
20 0 4 16 0 -1
21 0 2 16 0 2
haar_x4
-3.509942e-002 0 -1
8.611670e-001 -2.954584e-001 
1
3
5 18 6 6 0 -1
5 18 3 3 0 2
8 21 3 3 0 2
haar_x2_y2
4.019913e-003 0 -1
-6.588424e-001 7.000592e-001 
1
2
19 0 4 11 0 -1
19 0 2 11 0 2
haar_x2
1.282244e-002 0 -1
-4.296284e-001 5.062770e-001 
1
2
10 6 2 3 0 -1
11 6 1 3 0 2
haar_x2
1.140238e-003 0 -1
-8.380681e-001 5.038956e-001 
1
2
20 0 4 16 0 -1
21 0 2 16 0 2
haar_x4
1.238267e-002 0 -1
-1.874235e-001 7.564567e-001 
1
2
0 0 4 16 0 -1
1 0 2 16 0 2
haar_x4
-3.086285e-002 0 -1
8.832591e-001 -4.809581e-001 
-1.057031e+000

3
-1
