6
1
2
4 14 3 16 0 -1
5 14 1 16 0 3
haar_x3
2.807687e-003 0 -1
-4.330709e-001 7.534249e-001 
1
2
19 24 3 1 0 -1
20 24 1 1 0 3
haar_x3
5.849632e-004 0 -1
-2.731019e-001 8.349184e-001 
1
2
19 18 2 3 0 -1
19 19 2 1 0 3
haar_y3
-1.810590e-004 0 -1
4.200455e-001 -7.676024e-001 
1
2
20 21 3 5 0 -1
21 21 1 5 0 3
haar_x3
1.900095e-003 0 -1
-2.546337e-001 7.835098e-001 
1
2
16 11 6 16 0 -1
18 11 2 16 0 3
haar_x3
-1.775388e-003 0 -1
5.490760e-001 -5.567068e-001 
1
3
21 22 2 2 0 -1
22 22 1 1 0 2
21 23 1 1 0 2
haar_x2_y2
9.669761e-005 0 -1
-3.422491e-001 6.565865e-001 
-1.439717e+000

1
-1
