12
1
2
12 4 1 12 0 -1
12 8 1 4 0 3
haar_y3
-1.706789e-002 0 -1
6.878611e-001 -2.786891e-001 
1
2
15 15 1 3 0 -1
15 16 1 1 0 3
haar_y3
4.370955e-003 0 -1
-2.994026e-002 7.758725e-001 
1
2
10 10 4 1 0 -1
12 10 2 1 0 2
haar_x2
5.168711e-004 0 -1
2.224751e-001 -6.141936e-001 
1
2
11 10 4 1 0 -1
11 10 2 1 0 2
haar_x2
-8.787669e-004 0 -1
-6.699747e-001 1.816958e-001 
1
2
9 10 6 1 0 -1
12 10 3 1 0 2
haar_x2
6.060507e-005 0 -1
-4.780360e-001 4.421448e-001 
1
3
15 10 8 4 0 -1
19 10 4 2 0 2
15 12 4 2 0 2
haar_x2_y2
-3.621217e-003 0 -1
3.495003e-001 -1.893134e-001 
1
3
2 10 8 4 0 -1
2 10 4 2 0 2
6 12 4 2 0 2
haar_x2_y2
-8.160390e-003 0 -1
7.643621e-001 -1.961810e-001 
1
3
19 11 2 2 0 -1
20 11 1 1 0 2
19 12 1 1 0 2
haar_x2_y2
-2.882280e-003 0 -1
9.378065e-001 1.170067e-002 
1
3
4 11 2 2 0 -1
4 11 1 1 0 2
5 12 1 1 0 2
haar_x2_y2
6.023020e-004 0 -1
-2.186382e-001 7.288062e-001 
1
2
13 0 1 2 0 -1
13 1 1 1 0 2
haar_y2
5.494000e-004 0 -1
1.575203e-001 -6.014711e-001 
1
2
0 0 2 3 0 -1
0 1 2 1 0 3
haar_y3
-1.295322e-004 0 -1
-4.725687e-001 2.986884e-001 
1
3
23 0 2 22 0 -1
24 0 1 11 0 2
23 11 1 11 0 2
haar_x2_y2
2.869376e-003 0 -1
-1.880932e-001 3.941586e-001 
-7.780646e-001

15
-1
