5
1
3
0 17 20 8 0 -1
0 17 10 4 0 2
10 21 10 4 0 2
haar_x2_y2
3.331441e-002 0 -1
-5.156251e-001 9.166669e-001 
1
2
9 6 18 4 0 -1
9 6 9 4 0 2
haar_x2
1.229392e-002 0 -1
1.154533e-001 -9.613688e-001 
1
3
7 9 10 2 0 -1
7 9 5 1 0 2
12 10 5 1 0 2
haar_x2_y2
9.662574e-003 0 -1
-4.631363e-001 9.462026e-001 
1
2
6 22 24 2 0 -1
6 22 12 2 0 2
haar_x2
-7.487541e-004 0 -1
3.743048e-001 -2.640325e-001 
1
2
9 21 12 1 0 -1
13 21 4 1 0 3
haar_x3
8.968638e-004 0 -1
-6.914367e-001 6.607044e-001 
-4.666362e-001

6
-1
