3
3
2
4 13 21 10 0 -1
4 18 21 5 0 2
haar_y2
3.347823e-002 2 1
2
0 16 30 3 0 -1
10 16 10 3 0 3
haar_x3
-2.205876e-002 0 -1
2
14 8 1 3 0 -1
14 9 1 1 0 3
haar_y3
-1.381429e-003 -2 -3
8.791947e-001 -3.055555e-001 4.285714e-001 -8.013248e-001 
3
2
15 1 2 2 0 -1
15 2 2 1 0 2
haar_y2
-2.339320e-004 0 1
2
15 1 2 2 0 -1
15 2 2 1 0 2
haar_y2
-2.339320e-004 -1 2
2
17 10 1 2 0 -1
17 11 1 1 0 2
haar_y2
-8.934506e-004 -2 -3
-6.272231e-001 -6.272231e-001 7.729155e-001 -1.054211e-001 
3
2
11 6 8 4 0 -1
11 8 8 2 0 2
haar_y2
5.821835e-003 1 0
3
1 14 6 8 0 -1
1 14 3 4 0 2
4 18 3 4 0 2
haar_x2_y2
8.565173e-003 2 -1
3
11 21 6 2 0 -1
11 21 3 1 0 2
14 22 3 1 0 2
haar_x2_y2
-2.760010e-003 -2 -3
6.989340e-001 5.814149e-001 6.268748e-001 -8.894243e-001 
-7.296138e-001

0
-1
