11
1
2
10 0 5 14 0 -1
10 7 5 7 0 2
haar_y2
-4.179614e-002 0 -1
4.413792e-001 -4.129040e-001 
1
2
20 7 3 12 0 -1
21 7 1 12 0 3
haar_x3
-1.642008e-003 0 -1
1.616072e-001 -1.081593e-001 
1
2
12 12 1 2 0 -1
12 13 1 1 0 2
haar_y2
-9.980441e-005 0 -1
6.198831e-001 -2.532643e-001 
1
2
20 6 3 13 0 -1
21 6 1 13 0 3
haar_x3
4.852569e-003 0 -1
-7.311507e-002 2.543623e-001 
1
2
12 11 1 2 0 -1
12 12 1 1 0 2
haar_y2
-6.673780e-004 0 -1
6.523123e-001 -2.959904e-001 
1
2
11 12 3 1 0 -1
12 12 1 1 0 3
haar_x3
7.572425e-005 0 -1
-3.348091e-001 4.607503e-001 
1
2
7 4 2 12 0 -1
7 8 2 4 0 3
haar_y3
7.582949e-003 0 -1
-2.539710e-001 5.832137e-001 
1
2
13 10 1 2 0 -1
13 11 1 1 0 2
haar_y2
1.194509e-005 0 -1
-1.899966e-001 3.180639e-001 
1
3
3 8 2 16 0 -1
3 8 1 8 0 2
4 16 1 8 0 2
haar_x2_y2
2.392960e-003 0 -1
-2.931933e-001 5.896055e-001 
1
2
16 16 1 3 0 -1
16 17 1 1 0 3
haar_y3
-2.545470e-003 0 -1
7.832993e-001 -6.212589e-002 
1
2
8 11 9 2 0 -1
11 11 3 2 0 3
haar_x3
-2.060330e-003 0 -1
3.226551e-001 -5.226321e-001 
-1.006571e+000

10
-1
