6
1
2
1 0 4 7 0 -1
3 0 2 7 0 2
haar_x2
1.611496e-002 0 -1
-5.042017e-001 7.407410e-001 
1
3
14 18 4 6 0 -1
16 18 2 3 0 2
14 21 2 3 0 2
haar_x2_y2
-3.815026e-003 0 -1
-4.047012e-001 1.239632e-001 
1
3
6 18 4 6 0 -1
6 18 2 3 0 2
8 21 2 3 0 2
haar_x2_y2
4.170089e-003 0 -1
-5.040932e-001 6.122411e-001 
1
2
3 0 20 6 0 -1
3 2 20 2 0 3
haar_y3
1.102126e-002 0 -1
-6.297271e-001 4.597785e-001 
1
2
8 9 8 6 0 -1
8 11 8 2 0 3
haar_y3
1.075595e-002 0 -1
-8.043129e-001 3.645441e-001 
1
2
20 4 2 6 0 -1
20 7 2 3 0 2
haar_y2
1.298162e-003 0 -1
-5.008131e-001 2.806499e-001 
-1.089487e+000

7
-1
