10
1
2
12 9 1 2 0 -1
12 10 1 1 0 2
haar_y2
-1.496397e-004 0 -1
-6.153849e-001 3.265303e-001 
1
2
10 16 5 8 0 -1
10 20 5 4 0 2
haar_y2
3.186784e-003 0 -1
-3.420900e-001 5.474327e-001 
1
2
2 0 3 3 0 -1
3 0 1 3 0 3
haar_x3
2.443467e-004 0 -1
2.868792e-001 -5.248640e-001 
1
2
12 14 1 3 0 -1
12 15 1 1 0 3
haar_y3
-1.225358e-003 0 -1
6.503025e-001 -2.424086e-001 
1
2
11 9 2 2 0 -1
11 10 2 1 0 2
haar_y2
3.855912e-004 0 -1
1.720172e-001 -9.380360e-001 
1
3
12 15 2 2 0 -1
13 15 1 1 0 2
12 16 1 1 0 2
haar_x2_y2
-1.788884e-003 0 -1
7.551834e-001 -2.305226e-001 
1
3
9 12 6 4 0 -1
9 12 3 2 0 2
12 14 3 2 0 2
haar_x2_y2
3.017668e-003 0 -1
-2.799508e-001 5.309699e-001 
1
2
21 3 4 1 0 -1
21 3 2 1 0 2
haar_x2
8.521884e-004 0 -1
1.120039e-001 -3.072528e-001 
1
2
10 9 4 15 0 -1
10 14 4 5 0 3
haar_y3
3.913932e-003 0 -1
-6.251910e-001 2.724959e-001 
1
2
24 11 1 2 0 -1
24 12 1 1 0 2
haar_y2
7.597301e-004 0 -1
1.196518e-001 -5.960504e-001 
-8.625731e-001

9
-1
