11
1
2
11 9 1 2 0 -1
11 10 1 1 0 2
haar_y2
3.503325e-005 0 -1
-4.497355e-001 4.028437e-001 
1
2
16 6 3 6 0 -1
16 9 3 3 0 2
haar_y2
1.723381e-002 0 -1
-3.608055e-002 5.556312e-001 
1
2
5 6 3 6 0 -1
5 9 3 3 0 2
haar_y2
3.641468e-003 0 -1
-3.496838e-001 5.304109e-001 
1
2
21 2 3 19 0 -1
22 2 1 19 0 3
haar_x3
-1.209506e-002 0 -1
4.201473e-001 -7.240123e-002 
1
2
0 2 3 19 0 -1
1 2 1 19 0 3
haar_x3
9.503204e-003 0 -1
-2.682527e-001 7.064982e-001 
1
2
15 12 6 6 0 -1
17 12 2 6 0 3
haar_x3
-5.084489e-003 0 -1
3.122741e-001 -3.475620e-001 
1
2
6 14 3 5 0 -1
7 14 1 5 0 3
haar_x3
3.758347e-003 0 -1
-2.981251e-001 6.026855e-001 
1
2
8 4 11 3 0 -1
8 5 11 1 0 3
haar_y3
-2.923365e-003 0 -1
3.201203e-001 -1.922219e-001 
1
2
1 0 9 24 0 -1
4 0 3 24 0 3
haar_x3
-9.247305e-002 0 -1
7.503831e-001 -2.258984e-001 
1
2
12 10 1 2 0 -1
12 11 1 1 0 2
haar_y2
-4.134102e-005 0 -1
2.461449e-001 -2.157712e-001 
1
3
7 15 6 8 0 -1
7 15 3 4 0 2
10 19 3 4 0 2
haar_x2_y2
2.551826e-003 0 -1
-4.260957e-001 4.461935e-001 
-9.021864e-001

8
-1
