5
3
2
1 3 28 8 0 -1
1 7 28 4 0 2
haar_y2
1.073980e-002 0 1
2
0 5 17 6 0 -1
0 8 17 3 0 2
haar_y2
5.834225e-002 2 -1
2
12 16 4 2 0 -1
14 16 2 2 0 2
haar_x2
1.668508e-003 -2 -3
-4.350283e-001 -9.999998e-001 8.012423e-001 -7.142857e-001 
3
2
27 0 3 2 0 -1
27 1 3 1 0 2
haar_y2
7.261261e-004 1 0
2
14 3 2 10 0 -1
14 8 2 5 0 2
haar_y2
-1.068364e-002 -1 2
2
28 27 2 1 0 -1
28 27 1 1 0 2
haar_x2
-3.170269e-004 -2 -3
-8.507318e-001 -9.231945e-001 -6.014351e-001 1.618074e-001 
3
2
0 0 3 2 0 -1
0 1 3 1 0 2
haar_y2
5.186782e-004 1 0
2
1 9 27 4 0 -1
10 9 9 4 0 3
haar_x3
3.597504e-002 2 -1
2
0 7 28 8 0 -1
14 7 14 8 0 2
haar_x2
-9.805173e-002 -2 -3
-6.839874e-001 -9.496973e-001 -3.669850e-001 6.884548e-001 
3
2
12 13 6 2 0 -1
12 14 6 1 0 2
haar_y2
-3.380630e-004 0 1
2
27 14 2 1 0 -1
27 14 1 1 0 2
haar_x2
-1.763758e-003 2 -1
2
8 5 14 8 0 -1
8 9 14 4 0 2
haar_y2
-5.283055e-002 -2 -3
-6.007562e-001 -2.236832e-002 -1.000000e+000 1.150085e-001 
3
2
1 14 2 1 0 -1
2 14 1 1 0 2
haar_x2
7.446227e-005 1 2
2
0 5 24 13 0 -1
12 5 12 13 0 2
haar_x2
3.364238e-002 0 -1
2
2 9 8 2 0 -1
2 10 8 1 0 2
haar_y2
-1.537411e-003 -2 -3
7.493959e-001 -4.801373e-001 8.032537e-001 -7.262549e-001 
-9.117773e-001

9
-1
