3
3
2
12 23 6 1 0 -1
14 23 2 1 0 3
haar_x3
-3.294721e-004 1 0
2
6 2 9 3 0 -1
9 2 3 3 0 3
haar_x3
-9.724783e-004 2 -1
2
2 12 12 1 0 -1
6 12 4 1 0 3
haar_x3
-2.006119e-003 -2 -3
1.000000e+000 1.000000e+000 1.000000e+000 -9.900498e-001 
3
2
24 23 2 2 0 -1
24 23 1 2 0 2
haar_x2
-6.151571e-004 2 1
2
29 0 1 4 0 -1
29 2 1 2 0 2
haar_y2
-7.143048e-004 0 -1
2
15 11 12 8 0 -1
19 11 4 8 0 3
haar_x3
-1.145031e-002 -2 -3
-7.706443e-001 5.124681e-001 5.724227e-001 -2.586782e-001 
3
2
0 19 2 8 0 -1
0 23 2 4 0 2
haar_y2
4.632764e-003 1 2
2
0 9 30 5 0 -1
15 9 15 5 0 2
haar_x2
-1.212693e-001 0 -1
2
5 12 9 4 0 -1
8 12 3 4 0 3
haar_x3
-1.184163e-004 -2 -3
-1.000000e+000 1.000002e+000 1.000000e+000 -1.000000e+000 
-7.606919e-001

14
-1
