7
1
3
18 19 2 2 0 -1
18 19 1 1 0 2
19 20 1 1 0 2
haar_x2_y2
1.891157e-004 0 -1
-3.931624e-001 5.542170e-001 
1
2
30 12 3 20 0 -1
31 12 1 20 0 3
haar_x3
-1.136964e-003 0 -1
3.251781e-001 -9.714069e-002 
1
2
7 13 3 18 0 -1
8 13 1 18 0 3
haar_x3
-2.930049e-003 0 -1
7.014745e-001 -3.527889e-001 
1
2
19 23 2 5 0 -1
19 23 1 5 0 2
haar_x2
-1.297227e-003 0 -1
7.888064e-001 -3.055934e-001 
1
2
14 11 10 15 0 -1
19 11 5 15 0 2
haar_x2
1.625231e-002 0 -1
2.641272e-001 -9.400710e-001 
1
3
29 15 2 16 0 -1
30 15 1 8 0 2
29 23 1 8 0 2
haar_x2_y2
6.144493e-004 0 -1
-1.286165e-001 2.047409e-001 
1
3
9 15 2 16 0 -1
9 15 1 8 0 2
10 23 1 8 0 2
haar_x2_y2
1.686748e-003 0 -1
-2.839489e-001 7.836011e-001 
-9.637662e-001

6
-1
