6
1
2
6 15 12 3 0 -1
10 15 4 3 0 3
haar_x3
-4.550615e-003 0 -1
6.482413e-001 -6.417912e-001 
1
2
22 4 2 3 0 -1
22 4 1 3 0 2
haar_x2
-4.590705e-003 0 -1
6.620905e-001 -1.770076e-001 
1
2
1 1 4 14 0 -1
3 1 2 14 0 2
haar_x2
3.188668e-002 0 -1
-5.516000e-001 6.309726e-001 
1
2
11 5 4 11 0 -1
11 5 2 11 0 2
haar_x2
1.868239e-002 0 -1
-2.747911e-001 5.644070e-001 
1
2
10 4 4 9 0 -1
12 4 2 9 0 2
haar_x2
1.054723e-002 0 -1
-5.711903e-001 7.535800e-001 
1
2
9 1 6 2 0 -1
11 1 2 2 0 3
haar_x3
3.787542e-003 0 -1
4.754306e-001 -8.788784e-001 
-9.017514e-001

9
-1
