7
1
2
17 16 6 1 0 -1
20 16 3 1 0 2
haar_x2
-5.771577e-005 0 -1
-7.647059e-001 2.617451e-001 
1
2
18 16 4 2 0 -1
18 16 2 2 0 2
haar_x2
-5.503371e-004 0 -1
-9.796323e-001 2.135189e-001 
1
2
18 21 1 3 0 -1
18 22 1 1 0 3
haar_y3
-9.982863e-004 0 -1
7.471495e-001 -3.430970e-001 
1
2
20 18 1 2 0 -1
20 19 1 1 0 2
haar_y2
-4.963755e-005 0 -1
2.990538e-001 -2.007366e-001 
1
2
18 6 4 14 0 -1
18 13 4 7 0 2
haar_y2
-1.284485e-002 0 -1
4.262899e-001 -5.994569e-001 
1
2
19 10 2 6 0 -1
19 12 2 2 0 3
haar_y3
-7.419765e-004 0 -1
5.901509e-001 -3.738613e-001 
1
2
4 7 3 23 0 -1
5 7 1 23 0 3
haar_x3
3.754854e-003 0 -1
-3.682806e-001 6.388929e-001 
-9.110821e-001

5
-1
