3
3
2
11 9 3 3 0 -1
11 10 3 1 0 3
haar_y3
-1.762783e-003 0 1
2
10 10 5 2 0 -1
10 11 5 1 0 2
haar_y2
-6.322779e-004 2 -1
2
13 1 3 2 0 -1
13 2 3 1 0 2
haar_y2
-3.923690e-004 -2 -3
7.090909e-001 -7.317076e-001 -7.575759e-001 7.204306e-001 
3
2
19 7 1 3 0 -1
19 8 1 1 0 3
haar_y3
-2.917200e-004 0 1
3
18 20 4 2 0 -1
20 20 2 1 0 2
18 21 2 1 0 2
haar_x2_y2
2.034336e-003 2 -1
3
19 5 2 8 0 -1
20 5 1 4 0 2
19 9 1 4 0 2
haar_x2_y2
8.278584e-004 -2 -3
6.482543e-001 6.407846e-001 -2.233379e-001 8.389210e-001 
3
2
12 7 3 4 0 -1
13 7 1 4 0 3
haar_x3
-1.762678e-003 0 1
2
8 7 3 7 0 -1
9 7 1 7 0 3
haar_x3
-1.581647e-003 -1 2
2
8 6 2 7 0 -1
9 6 1 7 0 2
haar_x2
7.511629e-004 -2 -3
6.936638e-001 5.503799e-001 -9.201365e-001 2.364854e-001 
-1.003590e+000

10
-1
