6
1
2
3 0 4 1 0 -1
3 0 2 1 0 2
tilted_haar_x2
-4.872534e-003 0 -1
7.804878e-001 -5.423731e-001 
1
2
12 11 4 9 0 -1
13 12 2 9 0 2
tilted_haar_y4
-1.797657e-003 0 -1
2.334331e-001 -2.323760e-001 
1
2
10 9 11 4 0 -1
9 10 11 2 0 2
tilted_haar_y4
-2.065898e-003 0 -1
5.867904e-001 -7.030288e-001 
1
3
22 0 2 24 0 -1
23 0 1 12 0 2
22 12 1 12 0 2
haar_x2_y2
1.626691e-002 0 -1
-2.016122e-001 8.588049e-001 
1
2
10 2 4 7 0 -1
11 3 2 7 0 2
tilted_haar_x4
-6.605505e-003 0 -1
5.267638e-001 -8.310821e-001 
1
2
10 0 4 15 0 -1
10 0 2 15 0 2
haar_x2
-1.715263e-002 0 -1
8.389809e-001 -5.578712e-001 
-1.244688e+000

9
-1
