5
1
2
11 11 3 4 0 -1
11 13 3 2 0 2
haar_y2
2.976439e-003 0 -1
-6.842107e-001 4.193546e-001 
1
2
12 10 1 2 0 -1
12 11 1 1 0 2
haar_y2
-3.437952e-004 0 -1
-9.664117e-001 2.503936e-001 
1
2
4 8 10 4 0 -1
9 8 5 4 0 2
haar_x2
-3.404030e-003 0 -1
4.211842e-001 -6.304839e-001 
1
2
12 12 1 3 0 -1
12 13 1 1 0 3
haar_y3
-6.673442e-004 0 -1
7.790109e-001 -3.800008e-001 
1
2
12 13 1 2 0 -1
12 14 1 1 0 2
haar_y2
-6.374964e-004 0 -1
7.503604e-001 -2.944562e-001 
-6.939414e-001

1
-1
