11
1
2
11 10 2 1 0 -1
12 10 1 1 0 2
haar_x2
1.377723e-005 0 -1
-4.344026e-001 5.797663e-001 
1
3
10 1 14 12 0 -1
17 1 7 6 0 2
10 7 7 6 0 2
haar_x2_y2
-5.085373e-002 0 -1
4.213529e-001 -1.684514e-001 
1
3
9 2 4 18 0 -1
9 2 2 9 0 2
11 11 2 9 0 2
haar_x2_y2
-4.113033e-003 0 -1
7.290691e-001 -2.696536e-001 
1
2
12 11 6 1 0 -1
14 11 2 1 0 3
haar_x3
6.041604e-004 0 -1
2.021281e-001 -2.923920e-001 
1
2
7 11 6 1 0 -1
9 11 2 1 0 3
haar_x3
-2.067067e-004 0 -1
4.502008e-001 -4.624601e-001 
1
2
15 9 1 3 0 -1
15 10 1 1 0 3
haar_y3
-4.512368e-003 0 -1
6.386791e-001 -4.743514e-002 
1
2
9 9 1 3 0 -1
9 10 1 1 0 3
haar_y3
-2.391651e-003 0 -1
8.782064e-001 -2.103128e-001 
1
3
9 4 14 6 0 -1
16 4 7 3 0 2
9 7 7 3 0 2
haar_x2_y2
-2.145242e-002 0 -1
4.227176e-001 -8.261722e-002 
1
2
1 10 4 9 0 -1
3 10 2 9 0 2
haar_x2
2.067862e-003 0 -1
-4.153398e-001 5.167279e-001 
1
3
19 4 2 14 0 -1
20 4 1 7 0 2
19 11 1 7 0 2
haar_x2_y2
1.627167e-003 0 -1
-1.110949e-001 3.320796e-001 
1
2
11 13 2 3 0 -1
11 14 2 1 0 3
haar_y3
-6.843713e-004 0 -1
5.962068e-001 -3.213836e-001 
-9.708145e-001

8
-1
