5
1
3
4 5 2 10 0 -1
4 5 1 5 0 2
5 10 1 5 0 2
haar_x2_y2
1.747083e-003 0 -1
-6.901408e-001 7.860965e-001 
1
2
3 2 20 5 0 -1
3 2 10 5 0 2
haar_x2
-2.499057e-004 0 -1
5.439314e-001 -4.261613e-001 
1
2
4 11 4 5 0 -1
5 11 2 5 0 2
haar_x4
2.818223e-005 0 -1
-7.355373e-001 7.757462e-001 
1
2
23 3 1 2 0 -1
23 3 1 1 0 2
tilted_haar_x2
-4.257956e-005 0 -1
3.451421e-001 -8.554768e-001 
1
2
7 4 2 14 0 -1
7 11 2 7 0 2
haar_y2
1.901691e-002 0 -1
-8.479198e-001 8.346804e-001 
-8.783798e-001

10
-1
