7
1
2
19 16 2 2 0 -1
20 16 1 2 0 2
haar_x2
-1.328880e-004 0 -1
-9.761905e-001 2.594937e-001 
1
2
19 24 3 1 0 -1
20 24 1 1 0 3
haar_x3
1.389197e-003 0 -1
-2.571842e-001 7.045666e-001 
1
2
3 21 33 4 0 -1
14 21 11 4 0 3
haar_x3
9.775054e-003 0 -1
-5.875526e-001 3.910886e-001 
1
2
16 14 12 16 0 -1
20 14 4 16 0 3
haar_x3
4.159691e-002 0 -1
4.905119e-002 -1.000006e+000 
1
2
12 14 12 16 0 -1
16 14 4 16 0 3
haar_x3
6.520419e-003 0 -1
2.527460e-001 -8.757663e-001 
1
2
28 13 8 18 0 -1
28 13 4 18 0 2
haar_x2
5.007172e-003 0 -1
7.691331e-002 -5.265943e-001 
1
2
4 13 8 18 0 -1
8 13 4 18 0 2
haar_x2
-2.430586e-003 0 -1
3.694042e-001 -5.744547e-001 
-7.809872e-001

7
-1
