5
1
2
11 11 2 6 0 -1
11 13 2 2 0 3
haar_y3
8.748138e-003 0 -1
-5.294118e-001 7.777777e-001 
1
3
7 12 10 4 0 -1
12 12 5 2 0 2
7 14 5 2 0 2
haar_x2_y2
1.524054e-002 0 -1
-2.899537e-001 8.724341e-001 
1
2
11 10 2 1 0 -1
12 10 1 1 0 2
haar_x2
-9.096022e-005 0 -1
-1.000000e+000 3.060714e-001 
1
2
10 10 4 1 0 -1
10 10 2 1 0 2
haar_x2
-6.996945e-004 0 -1
-7.425945e-001 3.180946e-001 
1
3
10 12 2 2 0 -1
10 12 1 1 0 2
11 13 1 1 0 2
haar_x2_y2
1.425186e-003 0 -1
-3.948713e-001 7.626027e-001 
-5.900707e-001

0
-1
