9
1
3
18 25 2 2 0 -1
18 25 1 1 0 2
19 26 1 1 0 2
haar_x2_y2
-6.633870e-004 0 -1
9.729730e-001 -2.208590e-001 
1
3
20 22 2 4 0 -1
21 22 1 2 0 2
20 24 1 2 0 2
haar_x2_y2
-1.160399e-003 0 -1
6.643084e-001 -9.938291e-002 
1
3
19 23 2 6 0 -1
19 23 1 3 0 2
20 26 1 3 0 2
haar_x2_y2
-1.604172e-003 0 -1
8.254507e-001 -3.225410e-001 
1
2
16 9 9 10 0 -1
16 14 9 5 0 2
haar_y2
-1.520761e-002 0 -1
4.862587e-001 -4.106108e-001 
1
2
17 20 3 5 0 -1
18 20 1 5 0 3
haar_x3
-2.912913e-003 0 -1
1.000000e+000 -2.428188e-001 
1
2
32 11 3 20 0 -1
33 11 1 20 0 3
haar_x3
1.661247e-003 0 -1
-3.817599e-002 3.627432e-001 
1
2
5 11 3 20 0 -1
6 11 1 20 0 3
haar_x3
-1.956145e-003 0 -1
6.657046e-001 -3.744475e-001 
1
3
20 19 2 2 0 -1
21 19 1 1 0 2
20 20 1 1 0 2
haar_x2_y2
3.049946e-004 0 -1
-3.320099e-001 5.806268e-001 
1
2
18 11 1 3 0 -1
18 12 1 1 0 3
haar_y3
-7.443241e-004 0 -1
9.615121e-001 -2.129700e-001 
-1.213664e+000

9
-1
