6
2
2
5 6 13 8 0 -1
5 10 13 4 0 2
haar_y2
3.974412e-002 0 1
2
6 11 12 8 0 -1
6 15 12 4 0 2
haar_y2
-8.545320e-003 -1 -2
-6.019087e-001 8.863031e-001 -3.149341e-001 
2
2
12 6 1 3 0 -1
12 7 1 1 0 3
haar_y3
1.765352e-003 1 0
2
12 5 1 3 0 -1
12 6 1 1 0 3
haar_y3
2.227285e-003 -1 -2
7.642168e-001 -1.065555e-001 7.952572e-001 
2
2
11 16 3 3 0 -1
11 17 3 1 0 3
haar_y3
4.367840e-003 1 0
2
11 17 2 2 0 -1
11 18 2 1 0 2
haar_y2
2.340335e-003 -1 -2
6.673627e-001 -5.694061e-001 5.102566e-001 
2
2
4 5 21 18 0 -1
4 14 21 9 0 2
haar_y2
5.105451e-002 0 1
2
20 21 2 4 0 -1
20 23 2 2 0 2
haar_y2
4.622602e-005 -1 -2
-4.234644e-001 1.463632e-001 -2.448751e-001 
2
2
0 22 1 3 0 -1
0 23 1 1 0 3
haar_y3
1.518799e-004 1 0
2
0 22 1 3 0 -1
0 23 1 1 0 3
haar_y3
-4.838836e-005 -1 -2
-5.143863e-001 -5.368243e-002 7.013733e-001 
2
3
13 6 2 2 0 -1
14 6 1 1 0 2
13 7 1 1 0 2
haar_x2_y2
-1.817754e-003 1 0
2
13 5 1 3 0 -1
13 6 1 1 0 3
haar_y3
1.558846e-003 -1 -2
-4.963790e-002 -8.339971e-002 5.931963e-001 
-1.215997e+000

-1
-1
