5
1
2
1 0 8 4 0 -1
5 0 4 4 0 2
haar_x2
2.367814e-002 0 -1
-6.056339e-001 6.898398e-001 
1
2
10 6 8 4 0 -1
10 6 4 4 0 2
haar_x2
1.941420e-002 0 -1
-4.885904e-001 3.764974e-001 
1
2
10 1 4 15 0 -1
12 1 2 15 0 2
haar_x2
1.788458e-002 0 -1
-4.842868e-001 6.736851e-001 
1
2
9 8 12 2 0 -1
9 9 12 1 0 2
haar_y2
4.628601e-003 0 -1
-6.822645e-001 2.757426e-001 
1
2
3 0 3 2 0 -1
3 1 3 1 0 2
haar_y2
-1.036069e-003 0 -1
-9.818931e-001 3.765382e-001 
-1.019150e+000

6
-1
