11
1
2
11 10 2 1 0 -1
12 10 1 1 0 2
haar_x2
2.268143e-004 0 -1
2.451189e-001 -8.129500e-001 
1
2
13 0 1 12 0 -1
13 6 1 6 0 2
haar_y2
-1.272790e-002 0 -1
3.545225e-001 -2.631946e-001 
1
2
11 10 3 1 0 -1
12 10 1 1 0 3
haar_x3
-4.630067e-004 0 -1
-8.477852e-001 2.145988e-001 
1
2
8 7 12 17 0 -1
12 7 4 17 0 3
haar_x3
-2.547120e-001 0 -1
-1.000000e+000 -3.548124e-002 
1
2
5 7 12 14 0 -1
9 7 4 14 0 3
haar_x3
1.214940e-002 0 -1
3.905790e-001 -5.033651e-001 
1
2
15 7 4 9 0 -1
15 10 4 3 0 3
haar_y3
3.775986e-002 0 -1
4.407999e-002 -8.278701e-001 
1
2
6 7 4 9 0 -1
6 10 4 3 0 3
haar_y3
8.799260e-003 0 -1
-2.945811e-001 6.381086e-001 
1
2
13 22 2 1 0 -1
13 22 1 1 0 2
haar_x2
-5.766753e-004 0 -1
-6.163833e-001 1.232745e-001 
1
2
10 22 2 1 0 -1
11 22 1 1 0 2
haar_x2
2.229764e-004 0 -1
2.663001e-001 -6.222998e-001 
1
3
15 12 2 2 0 -1
16 12 1 1 0 2
15 13 1 1 0 2
haar_x2_y2
3.159030e-003 0 -1
-8.797824e-002 8.577588e-001 
1
3
8 12 2 2 0 -1
8 12 1 1 0 2
9 13 1 1 0 2
haar_x2_y2
-2.324711e-004 0 -1
6.609141e-001 -2.986749e-001 
-7.583429e-001

6
-1
