6
1
2
17 16 6 15 0 -1
17 21 6 5 0 3
haar_y3
2.463298e-002 0 -1
-5.577890e-001 5.522389e-001 
1
2
18 14 18 4 0 -1
18 14 9 4 0 2
haar_x2
-3.561932e-003 0 -1
2.083367e-001 -3.401309e-001 
1
3
18 22 2 2 0 -1
18 22 1 1 0 2
19 23 1 1 0 2
haar_x2_y2
-6.815624e-004 0 -1
7.439913e-001 -2.991746e-001 
1
3
19 22 2 2 0 -1
20 22 1 1 0 2
19 23 1 1 0 2
haar_x2_y2
6.227640e-004 0 -1
-2.838975e-001 8.719091e-001 
1
2
19 16 2 2 0 -1
19 17 2 1 0 2
haar_y2
-1.576394e-004 0 -1
-1.000000e+000 3.255720e-001 
1
2
20 15 1 4 0 -1
20 17 1 2 0 2
haar_y2
2.853583e-004 0 -1
2.513093e-001 -9.675276e-001 
-9.041106e-001

3
-1
