5
3
2
5 8 20 15 0 -1
5 13 20 5 0 3
haar_y3
-8.769673e-002 1 2
2
0 7 5 21 0 -1
0 14 5 7 0 3
haar_y3
1.249018e-003 0 -1
2
0 9 28 21 0 -1
0 16 28 7 0 3
haar_y3
1.496992e-001 -2 -3
-3.939394e-001 8.677688e-001 -6.666667e-001 1.904762e-001 
3
2
28 27 2 2 0 -1
28 27 1 2 0 2
haar_x2
-2.653381e-004 1 0
2
28 27 2 3 0 -1
28 27 1 3 0 2
haar_x2
-2.752540e-004 -1 2
2
26 14 4 6 0 -1
26 14 2 6 0 2
haar_x2
8.731351e-003 -2 -3
1.942922e-001 -5.752649e-001 -9.012299e-002 7.237446e-001 
3
3
0 19 22 4 0 -1
0 19 11 2 0 2
11 21 11 2 0 2
haar_x2_y2
1.053852e-002 1 2
3
8 19 8 4 0 -1
8 19 4 2 0 2
12 21 4 2 0 2
haar_x2_y2
-3.895495e-003 0 -1
2
12 15 6 3 0 -1
12 16 6 1 0 3
haar_y3
-4.165482e-004 -2 -3
4.962047e-001 -6.805006e-001 -4.256084e-001 8.146552e-001 
3
2
28 27 2 2 0 -1
28 27 1 2 0 2
haar_x2
4.775443e-004 1 0
2
28 26 2 2 0 -1
28 26 1 2 0 2
haar_x2
2.761518e-004 2 -1
2
16 19 3 5 0 -1
17 19 1 5 0 3
haar_x3
-1.267873e-003 -2 -3
-7.034765e-001 -6.182266e-001 3.496009e-001 -1.806488e-001 
3
2
14 8 2 3 0 -1
14 9 2 1 0 3
haar_y3
-1.475134e-003 0 1
2
14 9 1 3 0 -1
14 10 1 1 0 3
haar_y3
-3.995895e-004 2 -1
2
2 27 1 3 0 -1
2 28 1 1 0 3
haar_y3
8.963868e-005 -2 -3
7.044179e-001 -6.702712e-001 8.551136e-001 -1.000000e+000 
-9.069374e-001

5
-1
