8
1
2
0 0 6 3 0 -1
2 0 2 3 0 3
haar_x3
8.462738e-004 0 -1
3.553717e-001 -5.443041e-001 
1
3
12 13 2 2 0 -1
13 13 1 1 0 2
12 14 1 1 0 2
haar_x2_y2
1.681784e-003 0 -1
-2.086828e-001 8.904384e-001 
1
2
2 2 8 18 0 -1
6 2 4 18 0 2
haar_x2
-9.350821e-003 0 -1
4.173242e-001 -5.123791e-001 
1
3
14 8 6 6 0 -1
17 8 3 3 0 2
14 11 3 3 0 2
haar_x2_y2
1.445093e-002 0 -1
-1.194604e-001 8.651584e-001 
1
2
11 14 3 1 0 -1
12 14 1 1 0 3
haar_x3
-1.781473e-003 0 -1
8.899486e-001 -2.374153e-001 
1
3
11 13 4 2 0 -1
13 13 2 1 0 2
11 14 2 1 0 2
haar_x2_y2
-1.214830e-003 0 -1
6.397454e-001 -1.625873e-001 
1
2
1 10 1 10 0 -1
1 15 1 5 0 2
haar_y2
1.602344e-004 0 -1
4.660741e-001 -4.439823e-001 
1
2
2 12 21 4 0 -1
9 12 7 4 0 3
haar_x3
9.170284e-003 0 -1
-5.346258e-001 5.050316e-001 
-9.340578e-001

3
-1
