13
1
2
10 10 5 9 0 -1
10 13 5 3 0 3
haar_y3
6.496562e-003 0 -1
-6.165807e-001 2.923831e-001 
1
2
12 10 1 3 0 -1
12 11 1 1 0 3
haar_y3
-8.865746e-004 0 -1
4.940614e-001 -3.933194e-001 
1
2
7 10 6 11 0 -1
9 10 2 11 0 3
haar_x3
-2.021989e-002 0 -1
-7.978308e-001 1.855532e-001 
1
2
12 11 2 2 0 -1
12 12 2 1 0 2
haar_y2
-2.340787e-003 0 -1
6.519160e-001 -1.737109e-001 
1
2
7 1 6 22 0 -1
9 1 2 22 0 3
haar_x3
2.147488e-002 0 -1
2.742992e-001 -6.669466e-001 
1
2
20 0 2 4 0 -1
20 2 2 2 0 2
haar_y2
3.095295e-004 0 -1
8.924346e-002 -3.083445e-001 
1
2
3 0 2 4 0 -1
3 2 2 2 0 2
haar_y2
-1.492321e-004 0 -1
-4.225004e-001 3.879434e-001 
1
3
16 7 6 4 0 -1
19 7 3 2 0 2
16 9 3 2 0 2
haar_x2_y2
-1.086240e-003 0 -1
2.309976e-001 -1.250651e-001 
1
3
3 7 6 4 0 -1
3 7 3 2 0 2
6 9 3 2 0 2
haar_x2_y2
3.176204e-003 0 -1
-2.920783e-001 5.809176e-001 
1
2
20 7 4 18 0 -1
20 7 2 18 0 2
haar_x2
1.454586e-002 0 -1
1.024641e-001 -4.191069e-001 
1
2
1 7 4 18 0 -1
3 7 2 18 0 2
haar_x2
6.036916e-003 0 -1
-3.711008e-001 4.262353e-001 
1
3
6 21 18 2 0 -1
15 21 9 1 0 2
6 22 9 1 0 2
haar_x2_y2
-1.594272e-002 0 -1
1.000000e+000 -1.322404e-002 
1
3
1 21 18 2 0 -1
1 21 9 1 0 2
10 22 9 1 0 2
haar_x2_y2
2.364540e-003 0 -1
-2.292473e-001 6.970298e-001 
-1.167705e+000

17
-1
