5
1
2
3 12 9 10 0 -1
6 12 3 10 0 3
haar_x3
2.810979e-002 0 -1
-6.832581e-001 8.435758e-001 
1
3
14 17 6 4 0 -1
17 17 3 2 0 2
14 19 3 2 0 2
haar_x2_y2
-1.125604e-002 0 -1
9.169871e-001 -1.412449e-001 
1
3
10 17 6 4 0 -1
10 17 3 2 0 2
13 19 3 2 0 2
haar_x2_y2
-2.343914e-003 0 -1
5.554047e-001 -9.005566e-001 
1
3
16 6 6 14 0 -1
19 6 3 7 0 2
16 13 3 7 0 2
haar_x2_y2
7.703087e-003 0 -1
-3.420607e-001 4.015195e-001 
1
3
8 6 6 14 0 -1
8 6 3 7 0 2
11 13 3 7 0 2
haar_x2_y2
-2.382049e-002 0 -1
8.325740e-001 -6.032409e-001 
-1.234546e+000

2
-1
