8
1
2
19 18 1 2 0 -1
19 19 1 1 0 2
haar_y2
-3.356846e-005 0 -1
5.247526e-001 -5.353537e-001 
1
2
21 3 1 14 0 -1
21 10 1 7 0 2
haar_y2
-2.790646e-003 0 -1
3.862514e-001 -2.998963e-001 
1
3
12 11 14 12 0 -1
12 11 7 6 0 2
19 17 7 6 0 2
haar_x2_y2
-1.479332e-002 0 -1
8.548051e-001 -3.247796e-001 
1
2
19 20 2 3 0 -1
19 21 2 1 0 3
haar_y3
-1.216239e-003 0 -1
7.019160e-001 -3.642414e-001 
1
2
16 0 8 2 0 -1
20 0 4 2 0 2
haar_x2
2.181832e-004 0 -1
4.907221e-001 -5.555440e-001 
1
2
24 21 2 2 0 -1
24 22 2 1 0 2
haar_y2
4.801963e-005 0 -1
3.664517e-001 -3.634534e-001 
1
2
9 3 4 20 0 -1
11 3 2 20 0 2
haar_x2
-3.156270e-004 0 -1
7.177812e-001 -4.433533e-001 
1
3
36 21 4 2 0 -1
38 21 2 1 0 2
36 22 2 1 0 2
haar_x2_y2
2.468101e-004 0 -1
1.989804e-001 -4.927936e-001 
-9.170964e-001

10
-1
