5
1
2
1 7 6 16 0 -1
3 7 2 16 0 3
haar_x3
1.852496e-002 0 -1
-4.214877e-001 6.455697e-001 
1
2
5 13 15 4 0 -1
10 13 5 4 0 3
haar_x3
2.667044e-002 0 -1
-4.660387e-001 5.402803e-001 
1
2
10 14 3 2 0 -1
11 14 1 2 0 3
haar_x3
-1.899425e-003 0 -1
6.750782e-001 -3.782502e-001 
1
2
9 9 6 1 0 -1
9 9 3 1 0 2
haar_x2
-2.350019e-004 0 -1
4.289561e-001 -5.952890e-001 
1
2
1 12 3 1 0 -1
2 12 1 1 0 3
haar_x3
2.407681e-003 0 -1
-2.990134e-001 9.576903e-001 
-1.295149e-001

3
-1
