5
1
2
9 4 4 15 0 -1
9 9 4 5 0 3
haar_y3
1.265842e-002 0 -1
-7.804879e-001 5.423731e-001 
1
2
15 15 2 3 0 -1
15 16 2 1 0 3
haar_y3
-1.552562e-003 0 -1
-1.000000e+000 3.851965e-002 
1
2
1 7 6 21 0 -1
3 7 2 21 0 3
haar_x3
-8.445485e-003 0 -1
6.626399e-001 -5.816009e-001 
1
2
13 14 4 5 0 -1
13 14 2 5 0 2
haar_x2
-6.041347e-003 0 -1
4.653133e-001 -8.669562e-001 
1
2
9 15 12 1 0 -1
15 15 6 1 0 2
haar_x2
4.266107e-003 0 -1
3.542148e-001 -9.999982e-001 
-5.134494e-001

3
-1
