14
1
2
6 9 6 2 0 -1
9 9 3 2 0 2
haar_x2
-9.744556e-004 0 -1
3.404824e-001 -5.594720e-001 
1
3
12 13 2 4 0 -1
13 13 1 2 0 2
12 15 1 2 0 2
haar_x2_y2
-3.570845e-003 0 -1
4.525348e-001 -1.217585e-001 
1
3
11 13 2 4 0 -1
11 13 1 2 0 2
12 15 1 2 0 2
haar_x2_y2
-2.671230e-003 0 -1
8.407702e-001 -2.549577e-001 
1
2
16 7 8 7 0 -1
16 7 4 7 0 2
haar_x2
-1.034879e-002 0 -1
3.686211e-001 -2.052073e-001 
1
2
1 7 8 6 0 -1
5 7 4 6 0 2
haar_x2
-5.715848e-003 0 -1
4.494269e-001 -4.243445e-001 
1
2
16 19 2 3 0 -1
16 19 1 3 0 2
haar_x2
-4.026435e-004 0 -1
-3.830535e-001 1.165651e-001 
1
3
8 16 6 2 0 -1
8 16 3 1 0 2
11 17 3 1 0 2
haar_x2_y2
-1.589555e-003 0 -1
5.894615e-001 -2.732862e-001 
1
2
11 0 3 4 0 -1
12 0 1 4 0 3
haar_x3
-8.128418e-004 0 -1
-5.599958e-001 3.130218e-001 
1
2
1 18 2 6 0 -1
2 18 1 6 0 2
haar_x2
-3.929770e-004 0 -1
-5.463765e-001 2.971153e-001 
1
3
10 15 6 2 0 -1
13 15 3 1 0 2
10 16 3 1 0 2
haar_x2_y2
2.694169e-003 0 -1
-1.405293e-001 3.882956e-001 
1
3
6 17 8 4 0 -1
6 17 4 2 0 2
10 19 4 2 0 2
haar_x2_y2
6.429562e-003 0 -1
-2.059784e-001 7.492999e-001 
1
3
17 12 2 2 0 -1
18 12 1 1 0 2
17 13 1 1 0 2
haar_x2_y2
4.648023e-004 0 -1
-7.896753e-002 3.961167e-001 
1
3
6 12 2 2 0 -1
6 12 1 1 0 2
7 13 1 1 0 2
haar_x2_y2
2.544047e-003 0 -1
-1.566060e-001 1.000003e+000 
1
2
18 22 2 1 0 -1
18 22 1 1 0 2
haar_x2
-1.739203e-004 0 -1
-3.339852e-001 2.140553e-001 
-1.034970e+000

11
-1
