9
1
2
11 9 2 2 0 -1
11 10 2 1 0 2
haar_y2
2.021918e-005 0 -1
-4.939760e-001 3.504274e-001 
1
2
17 1 4 18 0 -1
17 1 2 18 0 2
haar_x2
-7.964144e-003 0 -1
3.003821e-001 -2.166463e-001 
1
2
3 1 4 18 0 -1
5 1 2 18 0 2
haar_x2
-5.806723e-003 0 -1
2.867220e-001 -5.988514e-001 
1
2
10 10 4 1 0 -1
10 10 2 1 0 2
haar_x2
-6.846720e-004 0 -1
-6.982342e-001 2.280283e-001 
1
2
10 0 4 15 0 -1
12 0 2 15 0 2
haar_x2
6.814788e-003 0 -1
-3.585863e-001 5.085908e-001 
1
2
3 10 18 6 0 -1
3 10 9 6 0 2
haar_x2
-4.103483e-002 0 -1
-8.124011e-001 2.535840e-001 
1
2
7 9 9 1 0 -1
10 9 3 1 0 3
haar_x3
-6.111314e-004 0 -1
2.933732e-001 -5.165023e-001 
1
2
17 13 2 1 0 -1
17 13 1 1 0 2
haar_x2
2.664812e-003 0 -1
-8.209549e-002 7.200954e-001 
1
2
11 9 1 2 0 -1
11 10 1 1 0 2
haar_y2
2.586543e-004 0 -1
2.135452e-001 -9.561339e-001 
-8.847349e-001

7
-1
