7
1
2
19 20 2 3 0 -1
19 21 2 1 0 3
haar_y3
-1.180567e-003 0 -1
6.944445e-001 -3.906251e-001 
1
3
20 21 2 4 0 -1
21 21 1 2 0 2
20 23 1 2 0 2
haar_x2_y2
-1.819076e-003 0 -1
8.845012e-001 -1.012638e-001 
1
3
9 15 14 10 0 -1
9 15 7 5 0 2
16 20 7 5 0 2
haar_x2_y2
1.484645e-002 0 -1
-4.999736e-001 5.479641e-001 
1
3
20 21 2 4 0 -1
21 21 1 2 0 2
20 23 1 2 0 2
haar_x2_y2
-2.280992e-003 0 -1
1.000000e+000 -1.384312e-002 
1
3
18 21 2 4 0 -1
18 21 1 2 0 2
19 23 1 2 0 2
haar_x2_y2
-1.002199e-003 0 -1
8.187759e-001 -3.755138e-001 
1
2
30 13 3 22 0 -1
31 13 1 22 0 3
haar_x3
1.222666e-003 0 -1
-2.743610e-001 4.426677e-001 
1
2
19 16 1 2 0 -1
19 17 1 1 0 2
haar_y2
1.414698e-004 0 -1
2.647124e-001 -1.000002e+000 
-6.738392e-001

4
-1
