7
1
2
12 6 1 3 0 -1
12 7 1 1 0 3
haar_y3
-1.607336e-003 0 -1
9.538462e-001 -2.638303e-001 
1
2
12 10 1 3 0 -1
12 11 1 1 0 3
haar_y3
-9.369820e-004 0 -1
6.357487e-001 -3.339192e-001 
1
2
2 3 3 17 0 -1
3 3 1 17 0 3
haar_x3
5.068846e-003 0 -1
-4.122160e-001 6.447018e-001 
1
2
10 0 5 24 0 -1
10 12 5 12 0 2
haar_y2
8.126752e-002 0 -1
3.161668e-001 -8.219357e-001 
1
3
10 13 2 2 0 -1
10 13 1 1 0 2
11 14 1 1 0 2
haar_x2_y2
-8.269972e-004 0 -1
9.521601e-001 -2.564483e-001 
1
3
13 12 2 4 0 -1
14 12 1 2 0 2
13 14 1 2 0 2
haar_x2_y2
2.584404e-003 0 -1
-1.636801e-001 9.059697e-001 
1
3
10 12 4 2 0 -1
10 12 2 1 0 2
12 13 2 1 0 2
haar_x2_y2
1.870605e-003 0 -1
-3.219104e-001 7.942929e-001 
-5.473545e-001

2
-1
