5
3
2
4 14 22 15 0 -1
4 19 22 5 0 3
haar_y3
1.124835e-001 2 1
2
0 9 16 12 0 -1
0 15 16 6 0 2
haar_y2
7.510273e-002 0 -1
3
3 11 2 6 0 -1
3 11 1 3 0 2
4 14 1 3 0 2
haar_x2_y2
-1.399219e-003 -2 -3
7.972974e-001 -9.000000e-001 4.347828e-001 -6.451614e-001 
3
2
24 0 6 30 0 -1
24 10 6 10 0 3
haar_y3
1.989815e-003 1 0
2
19 7 8 17 0 -1
19 7 4 17 0 2
haar_x2
-1.190093e-002 -1 2
2
22 17 3 11 0 -1
23 17 1 11 0 3
haar_x3
-2.819569e-003 -2 -3
4.260643e-001 4.341558e-001 4.512825e-001 -7.972351e-002 
3
2
0 0 6 30 0 -1
0 10 6 10 0 3
haar_y3
5.430534e-002 1 2
3
13 10 2 2 0 -1
13 10 1 1 0 2
14 11 1 1 0 2
haar_x2_y2
-2.687016e-003 0 -1
3
9 16 8 2 0 -1
9 16 4 1 0 2
13 17 4 1 0 2
haar_x2_y2
1.679023e-004 -2 -3
1.000000e+000 -7.578539e-001 6.576105e-001 -5.844103e-001 
3
2
0 14 30 5 0 -1
10 14 10 5 0 3
haar_x3
-6.570014e-002 2 1
3
14 9 2 2 0 -1
15 9 1 1 0 2
14 10 1 1 0 2
haar_x2_y2
8.738688e-004 0 -1
2
22 3 2 1 0 -1
22 3 1 1 0 2
haar_x2
4.163294e-005 -2 -3
-2.655435e-001 7.309453e-001 1.044086e-001 -5.041650e-001 
3
2
0 14 30 5 0 -1
10 14 10 5 0 3
haar_x3
-6.570014e-002 2 1
2
4 15 3 14 0 -1
5 15 1 14 0 3
haar_x3
1.924963e-003 0 -1
2
6 3 2 1 0 -1
7 3 1 1 0 2
haar_x2
5.315752e-005 -2 -3
-7.523125e-001 2.180542e-001 9.101125e-001 -2.284559e-001 
-5.793426e-001

2
-1
