5
1
3
17 21 4 2 0 -1
17 21 2 1 0 2
19 22 2 1 0 2
haar_x2_y2
6.889940e-004 0 -1
-4.559388e-001 8.561153e-001 
1
2
33 9 3 20 0 -1
34 9 1 20 0 3
haar_x3
-2.758077e-003 0 -1
6.502976e-001 -6.916784e-002 
1
2
4 10 3 20 0 -1
5 10 1 20 0 3
haar_x3
2.363029e-003 0 -1
-5.108044e-001 7.179553e-001 
1
2
18 10 4 6 0 -1
18 13 4 3 0 2
haar_y2
-2.853398e-003 0 -1
6.594812e-001 -6.240381e-001 
1
3
18 24 2 2 0 -1
18 24 1 1 0 2
19 25 1 1 0 2
haar_x2_y2
2.644972e-004 0 -1
-4.374309e-001 8.244745e-001 
-8.686203e-001

0
-1
