7
1
2
8 10 9 3 0 -1
11 10 3 3 0 3
haar_x3
-7.967706e-004 0 -1
3.188404e-001 -7.096779e-001 
1
2
11 12 3 1 0 -1
12 12 1 1 0 3
haar_x3
1.106260e-003 0 -1
-3.083089e-001 8.189575e-001 
1
3
10 14 2 2 0 -1
10 14 1 1 0 2
11 15 1 1 0 2
haar_x2_y2
1.352832e-003 0 -1
-1.814817e-001 9.347376e-001 
1
2
5 13 15 2 0 -1
10 13 5 2 0 3
haar_x3
-2.795116e-003 0 -1
-6.495922e-001 3.542459e-001 
1
2
12 13 1 3 0 -1
12 14 1 1 0 3
haar_y3
3.867758e-003 0 -1
-2.336751e-001 9.186628e-001 
1
2
11 14 3 1 0 -1
12 14 1 1 0 3
haar_x3
-1.009004e-003 0 -1
7.482487e-001 -2.696695e-001 
1
3
5 13 2 4 0 -1
5 13 1 2 0 2
6 15 1 2 0 2
haar_x2_y2
1.760645e-003 0 -1
-2.243970e-001 8.466653e-001 
-5.444458e-001

4
-1
