3
3
2
0 27 2 2 0 -1
0 28 2 1 0 2
haar_y2
-3.471496e-004 0 1
2
0 27 2 2 0 -1
0 28 2 1 0 2
haar_y2
8.329585e-005 2 -1
2
14 17 1 2 0 -1
14 18 1 1 0 2
haar_y2
9.714123e-005 -2 -3
-8.481013e-001 -4.468086e-001 7.792208e-001 -1.506849e-001 
3
2
14 13 3 3 0 -1
14 14 3 1 0 3
haar_y3
-1.332712e-004 0 1
2
22 2 2 2 0 -1
22 2 1 2 0 2
haar_x2
1.301004e-004 -1 2
2
2 4 28 18 0 -1
2 10 28 6 0 3
haar_y3
-2.099787e-001 -2 -3
-5.059460e-001 1.502541e-001 -7.598149e-001 1.264452e-001 
3
2
0 0 4 3 0 -1
0 1 4 1 0 3
haar_y3
-1.235183e-004 2 1
2
12 4 4 12 0 -1
12 8 4 4 0 3
haar_y3
1.192529e-003 0 -1
2
3 8 3 5 0 -1
4 8 1 5 0 3
haar_x3
5.023764e-003 -2 -3
-2.291016e-001 7.910269e-001 -6.936579e-001 8.696115e-001 
-9.507577e-001

8
-1
