5
1
3
6 6 6 14 0 -1
6 6 3 7 0 2
9 13 3 7 0 2
haar_x2_y2
-3.008752e-002 0 -1
8.675496e-001 -5.261043e-001 
1
2
14 17 4 2 0 -1
14 18 4 1 0 2
haar_y2
1.995906e-003 0 -1
1.718509e-001 -1.000003e+000 
1
2
12 17 3 2 0 -1
12 18 3 1 0 2
haar_y2
-1.933808e-004 0 -1
4.208854e-001 -9.681931e-001 
1
2
14 13 2 5 0 -1
14 13 1 5 0 2
haar_x2
-1.657029e-003 0 -1
4.567715e-001 -8.969731e-001 
1
2
11 16 8 11 0 -1
15 16 4 11 0 2
haar_x2
7.315215e-003 0 -1
-8.729895e-001 3.882291e-001 
-4.774459e-001

5
-1
