3
3
2
14 16 2 12 0 -1
14 20 2 4 0 3
haar_y3
1.640045e-002 1 0
2
12 19 4 4 0 -1
12 21 4 2 0 2
haar_y2
-4.382591e-003 -1 2
2
8 23 8 1 0 -1
12 23 4 1 0 2
haar_x2
3.199777e-003 -2 -3
6.896554e-001 1.000000e+000 -6.347032e-001 7.931035e-001 
3
2
24 2 4 27 0 -1
24 11 4 9 0 3
haar_y3
2.450317e-002 1 2
3
16 7 4 2 0 -1
18 7 2 1 0 2
16 8 2 1 0 2
haar_x2_y2
-2.744744e-004 0 -1
2
22 18 2 1 0 -1
22 18 1 1 0 2
haar_x2
-2.184008e-003 -2 -3
3.975908e-001 -1.925593e-001 1.000000e+000 -8.287984e-002 
3
2
2 2 4 27 0 -1
2 11 4 9 0 3
haar_y3
8.062446e-003 0 1
2
6 18 2 1 0 -1
7 18 1 1 0 2
haar_x2
-1.263797e-004 2 -1
2
6 7 7 18 0 -1
6 13 7 6 0 3
haar_y3
-6.416374e-002 -2 -3
-6.435342e-001 7.221649e-001 9.280392e-001 -7.945864e-001 
-1.361117e+000

11
-1
