9
1
2
9 16 6 6 0 -1
9 19 6 3 0 2
haar_y2
2.720930e-003 0 -1
-3.298973e-001 6.037734e-001 
1
2
8 0 9 1 0 -1
11 0 3 1 0 3
haar_x3
7.123232e-004 0 -1
3.233183e-001 -5.281141e-001 
1
2
3 2 9 23 0 -1
6 2 3 23 0 3
haar_x3
-8.225676e-004 0 -1
3.817134e-001 -4.330267e-001 
1
2
6 1 18 17 0 -1
6 1 9 17 0 2
haar_x2
-7.556884e-002 0 -1
-4.011557e-001 1.819804e-001 
1
2
7 8 3 9 0 -1
8 8 1 9 0 3
haar_x3
5.406000e-003 0 -1
-2.455336e-001 8.173499e-001 
1
2
21 12 3 1 0 -1
22 12 1 1 0 3
haar_x3
1.721771e-003 0 -1
-1.115458e-003 4.514278e-001 
1
3
6 12 2 2 0 -1
6 12 1 1 0 2
7 13 1 1 0 2
haar_x2_y2
-4.124923e-004 0 -1
6.276864e-001 -2.788327e-001 
1
3
11 3 4 4 0 -1
13 3 2 2 0 2
11 5 2 2 0 2
haar_x2_y2
-5.972087e-003 0 -1
9.504285e-001 -6.746747e-002 
1
2
8 10 9 4 0 -1
11 10 3 4 0 3
haar_x3
2.304741e-003 0 -1
2.454153e-001 -7.244332e-001 
-8.357739e-001

18
-1
