9
1
2
11 9 2 2 0 -1
11 10 2 1 0 2
haar_y2
3.476983e-005 0 -1
-5.459461e-001 4.697676e-001 
1
2
15 6 1 15 0 -1
15 11 1 5 0 3
haar_y3
3.617276e-002 0 -1
6.449535e-003 -1.000003e+000 
1
2
8 6 1 15 0 -1
8 11 1 5 0 3
haar_y3
1.766556e-004 0 -1
-5.884473e-001 3.903673e-001 
1
2
13 9 4 1 0 -1
13 9 2 1 0 2
haar_x2
9.779346e-004 0 -1
1.141073e-001 -4.242130e-001 
1
2
7 9 4 1 0 -1
9 9 2 1 0 2
haar_x2
-8.241697e-005 0 -1
4.385315e-001 -5.885574e-001 
1
2
12 10 2 1 0 -1
12 10 1 1 0 2
haar_x2
9.583998e-004 0 -1
7.055432e-002 -7.809311e-001 
1
3
5 14 6 2 0 -1
5 14 3 1 0 2
8 15 3 1 0 2
haar_x2_y2
2.197627e-003 0 -1
-3.029734e-001 6.586553e-001 
1
3
9 13 12 4 0 -1
15 13 6 2 0 2
9 15 6 2 0 2
haar_x2_y2
-2.071999e-002 0 -1
5.400239e-001 -1.714426e-001 
1
2
10 9 4 1 0 -1
12 9 2 1 0 2
haar_x2
9.997447e-004 0 -1
3.171132e-001 -7.219353e-001 
-7.222874e-001

5
-1
