13
1
2
9 12 6 5 0 -1
12 12 3 5 0 2
haar_x2
1.319934e-002 0 -1
-9.887006e-001 7.847534e-001 
1
2
6 12 15 1 0 -1
11 12 5 1 0 3
haar_x3
6.568403e-004 0 -1
-9.914240e-001 4.002366e-001 
1
2
4 12 15 1 0 -1
9 12 5 1 0 3
haar_x3
1.831853e-003 0 -1
-9.905081e-001 6.533380e-001 
1
2
23 0 2 1 0 -1
23 0 1 1 0 2
haar_x2
-2.999649e-003 0 -1
0.000000e+000 -1.000000e+000 
1
2
6 0 8 14 0 -1
6 7 8 7 0 2
haar_y2
6.194166e-004 0 -1
-9.819226e-001 9.741066e-001 
1
3
7 7 16 6 0 -1
15 7 8 3 0 2
7 10 8 3 0 2
haar_x2_y2
-5.500873e-004 0 -1
-4.546660e-003 -9.919953e-001 
1
2
7 13 10 4 0 -1
12 13 5 4 0 2
haar_x2
6.454595e-004 0 -1
-1.000000e+000 8.697500e-001 
1
2
24 0 1 6 0 -1
24 2 1 2 0 3
haar_y3
-1.886054e-003 0 -1
1.000000e+000 -9.965780e-001 
1
2
9 9 3 5 0 -1
10 9 1 5 0 3
haar_x3
-1.338709e-003 0 -1
9.032216e-001 -9.966502e-001 
1
3
7 6 14 8 0 -1
14 6 7 4 0 2
7 10 7 4 0 2
haar_x2_y2
1.161045e-003 0 -1
-8.720902e-001 6.882415e-001 
1
2
9 12 6 5 0 -1
12 12 3 5 0 2
haar_x2
1.173489e-002 0 -1
-1.000000e+000 7.995490e-001 
1
2
23 0 2 1 0 -1
23 0 1 1 0 2
haar_x2
0.000000e+000 0 -1
0.000000e+000 -1.000000e+000 
1
3
3 7 14 8 0 -1
3 7 7 4 0 2
10 11 7 4 0 2
haar_x2_y2
-1.741701e-005 0 -1
8.785338e-001 -1.000001e+000 
4.342452e-001

6
-1
