6
1
3
3 6 4 10 0 -1
3 6 2 5 0 2
5 11 2 5 0 2
haar_x2_y2
7.208608e-003 0 -1
-7.272728e-001 5.714287e-001 
1
2
10 4 8 8 0 -1
10 4 4 8 0 2
haar_x2
2.549465e-002 0 -1
-6.328210e-001 4.171725e-001 
1
2
9 1 8 8 0 -1
7 3 8 4 0 2
tilted_haar_y4
-6.008197e-003 0 -1
4.331073e-001 -9.798072e-001 
1
2
17 3 6 1 0 -1
17 3 3 1 0 2
haar_x2
6.974611e-003 0 -1
-5.004756e-001 5.829905e-001 
1
2
6 8 2 4 0 -1
5 9 2 2 0 2
tilted_haar_y4
2.981859e-003 0 -1
-8.898942e-001 4.848284e-001 
1
2
21 14 2 8 0 -1
21 14 1 8 0 2
haar_x2
-6.336088e-003 0 -1
8.588701e-001 -5.490081e-001 
-1.782898e+000

6
-1
