3
3
2
3 13 24 10 0 -1
3 18 24 5 0 2
haar_y2
2.888151e-002 2 1
2
0 2 6 27 0 -1
0 11 6 9 0 3
haar_y3
-5.103880e-003 0 -1
2
14 9 1 2 0 -1
14 10 1 1 0 2
haar_y2
7.141405e-004 -2 -3
-4.285716e-001 8.579884e-001 -8.815790e-001 3.333333e-001 
3
2
13 15 5 15 0 -1
13 20 5 5 0 3
haar_y3
4.488935e-002 1 0
2
26 0 2 18 0 -1
26 9 2 9 0 2
haar_y2
1.010610e-002 -1 2
2
2 11 28 18 0 -1
2 17 28 6 0 3
haar_y3
2.226662e-002 -2 -3
8.659565e-001 -4.307056e-001 -5.137261e-001 2.964139e-001 
3
2
0 12 6 7 0 -1
2 12 2 7 0 3
haar_x3
1.093192e-002 1 0
2
10 20 7 2 0 -1
10 21 7 1 0 2
haar_y2
2.324439e-003 2 -1
2
1 4 3 10 0 -1
1 9 3 5 0 2
haar_y2
2.124183e-002 -2 -3
7.834302e-001 6.203414e-001 -8.516889e-001 8.952593e-001 
-9.490612e-001

-1
-1
