8
1
2
11 6 2 6 0 -1
11 9 2 3 0 2
haar_y2
-1.461207e-003 0 -1
3.684213e-001 -4.883724e-001 
1
2
11 10 2 1 0 -1
11 10 1 1 0 2
haar_x2
1.128700e-004 0 -1
1.550698e-001 -9.999960e-001 
1
3
9 12 4 4 0 -1
9 12 2 2 0 2
11 14 2 2 0 2
haar_x2_y2
-6.499302e-003 0 -1
7.631332e-001 -2.555248e-001 
1
3
8 13 8 2 0 -1
12 13 4 1 0 2
8 14 4 1 0 2
haar_x2_y2
-8.956626e-003 0 -1
8.574466e-001 -1.909966e-001 
1
3
10 13 4 2 0 -1
10 13 2 1 0 2
12 14 2 1 0 2
haar_x2_y2
-1.957059e-003 0 -1
6.942858e-001 -2.147253e-001 
1
3
10 9 14 6 0 -1
17 9 7 3 0 2
10 12 7 3 0 2
haar_x2_y2
1.697335e-002 0 -1
-2.268174e-001 2.645727e-001 
1
2
9 12 6 1 0 -1
11 12 2 1 0 3
haar_x3
-6.568183e-003 0 -1
7.639300e-001 -2.927356e-001 
1
2
3 13 21 1 0 -1
10 13 7 1 0 3
haar_x3
-5.817215e-003 0 -1
-6.729798e-001 1.440183e-001 
-8.786939e-001

6
-1
