5
1
2
1 0 12 6 0 -1
5 2 4 2 0 9
haar_point
5.978657e-003 0 -1
-7.241380e-001 5.575223e-001 
1
3
8 22 10 2 0 -1
13 22 5 1 0 2
8 23 5 1 0 2
haar_x2_y2
9.060395e-005 0 -1
-3.879490e-001 1.257469e-001 
1
3
6 22 10 2 0 -1
6 22 5 1 0 2
11 23 5 1 0 2
haar_x2_y2
8.395045e-004 0 -1
-6.330448e-001 7.144302e-001 
1
2
12 9 5 6 0 -1
12 11 5 2 0 3
haar_y3
4.385457e-003 0 -1
-8.661594e-001 4.028665e-001 
1
2
8 7 4 2 0 -1
8 7 4 1 0 2
tilted_haar_y2
-1.789407e-003 0 -1
5.240332e-001 -8.821488e-001 
-1.573562e+000

8
-1
