5
1
2
5 15 3 3 0 -1
6 15 1 3 0 3
haar_x3
1.673708e-003 0 -1
-5.855857e-001 7.303374e-001 
1
3
14 15 6 8 0 -1
17 15 3 4 0 2
14 19 3 4 0 2
haar_x2_y2
6.366054e-004 0 -1
1.707309e-001 -9.262837e-001 
1
2
11 13 4 6 0 -1
13 13 2 6 0 2
haar_x2
5.552925e-003 0 -1
-8.397012e-001 4.384650e-001 
1
3
10 9 14 4 0 -1
17 9 7 2 0 2
10 11 7 2 0 2
haar_x2_y2
1.461139e-002 0 -1
-1.422213e-001 3.983317e-001 
1
2
11 6 8 6 0 -1
11 8 8 2 0 3
haar_y3
1.242577e-002 0 -1
-5.009365e-001 7.791311e-001 
-6.195477e-001

6
-1
