3
3
2
0 2 2 2 0 -1
0 3 2 1 0 2
haar_y2
-1.443946e-004 0 1
2
0 3 2 18 0 -1
1 3 1 18 0 2
haar_x2
-6.012976e-004 -1 2
2
0 1 2 3 0 -1
1 1 1 3 0 2
haar_x2
5.467859e-004 -2 -3
-6.984127e-001 -4.603177e-001 7.142858e-001 -8.181814e-001 
3
2
14 8 2 3 0 -1
14 9 2 1 0 3
haar_y3
-1.391325e-003 2 1
2
15 7 1 3 0 -1
15 8 1 1 0 3
haar_y3
1.301150e-003 0 -1
2
0 12 30 18 0 -1
0 18 30 6 0 3
haar_y3
5.731269e-002 -2 -3
-1.355677e-001 6.968470e-001 -5.557926e-001 3.297032e-001 
3
2
14 8 2 3 0 -1
14 9 2 1 0 3
haar_y3
-1.391325e-003 0 1
2
14 7 2 3 0 -1
14 8 2 1 0 3
haar_y3
-1.956839e-003 -1 2
2
14 9 1 3 0 -1
14 10 1 1 0 3
haar_y3
-1.506717e-003 -2 -3
7.423628e-001 5.442385e-001 6.972960e-001 -8.768562e-001 
-4.095106e-001

4
-1
