7
1
3
4 7 2 10 0 -1
4 7 1 5 0 2
5 12 1 5 0 2
haar_x2_y2
1.405053e-003 0 -1
-7.058824e-001 5.217393e-001 
1
2
13 0 5 8 0 -1
13 4 5 4 0 2
haar_y2
-1.173339e-002 0 -1
4.012415e-001 -7.101901e-001 
1
2
9 6 4 2 0 -1
11 6 2 2 0 2
haar_x2
2.444007e-003 0 -1
-7.793311e-001 4.152663e-001 
1
2
8 0 15 2 0 -1
13 0 5 2 0 3
haar_x3
-1.642505e-002 0 -1
-1.000000e+000 2.852828e-002 
1
2
1 0 15 2 0 -1
6 0 5 2 0 3
haar_x3
-6.587163e-004 0 -1
-7.812170e-001 4.847465e-001 
1
2
17 11 2 6 0 -1
17 13 2 2 0 3
haar_y3
-5.792464e-003 0 -1
-9.484143e-001 7.451945e-002 
1
2
5 13 2 3 0 -1
5 14 2 1 0 3
haar_y3
-1.870935e-003 0 -1
-1.000000e+000 2.913441e-001 
-1.316266e+000

8
-1
