15
1
2
6 5 12 5 0 -1
9 5 6 5 0 2
haar_x4
1.287629e-002 0 -1
-1.000000e+000 9.704435e-001 
1
2
20 1 4 8 0 -1
21 2 2 8 0 2
tilted_haar_y4
-1.500302e-003 0 -1
9.266714e-001 -9.745019e-001 
1
2
4 7 3 12 0 -1
5 11 1 4 0 9
haar_point
4.027732e-004 0 -1
-1.000000e+000 9.170949e-001 
1
2
22 0 2 1 0 -1
22 0 1 1 0 2
haar_x2
0.000000e+000 0 -1
0.000000e+000 -1.000000e+000 
1
2
2 12 6 2 0 -1
4 12 2 2 0 3
haar_x3
6.922469e-005 0 -1
-9.963089e-001 9.274495e-001 
1
2
22 0 2 1 0 -1
22 0 1 1 0 2
haar_x2
0.000000e+000 0 -1
0.000000e+000 -1.000000e+000 
1
2
3 5 18 5 0 -1
9 5 6 5 0 3
haar_x3
1.524882e-002 0 -1
-1.000000e+000 1.000001e+000 
1
2
22 0 2 1 0 -1
22 0 1 1 0 2
haar_x2
0.000000e+000 0 -1
0.000000e+000 -1.000000e+000 
1
2
6 2 12 8 0 -1
9 2 6 8 0 2
haar_x4
2.553310e-002 0 -1
-1.000000e+000 1.000001e+000 
1
2
22 0 2 1 0 -1
22 0 1 1 0 2
haar_x2
0.000000e+000 0 -1
0.000000e+000 -1.000000e+000 
1
2
0 2 14 21 0 -1
0 9 14 7 0 3
haar_y3
1.785759e-004 0 -1
-1.000000e+000 1.000000e+000 
1
2
22 0 2 1 0 -1
22 0 1 1 0 2
haar_x2
0.000000e+000 0 -1
0.000000e+000 -1.000000e+000 
1
2
6 2 12 8 0 -1
9 2 6 8 0 2
haar_x4
2.553310e-002 0 -1
-1.000000e+000 1.000001e+000 
1
2
22 0 2 1 0 -1
22 0 1 1 0 2
haar_x2
0.000000e+000 0 -1
0.000000e+000 -1.000000e+000 
1
3
0 0 12 10 0 -1
0 0 6 5 0 2
6 5 6 5 0 2
haar_x2_y2
-3.809619e-003 0 -1
1.000000e+000 -1.000001e+000 
8.179032e-001

7
-1
