11
1
2
10 1 3 15 0 -1
10 6 3 5 0 3
haar_y3
-4.331629e-002 0 -1
8.500000e-001 -2.125005e-001 
1
2
20 14 1 6 0 -1
20 17 1 3 0 2
haar_y2
-3.874250e-004 0 -1
-2.081528e-001 2.279669e-001 
1
2
9 9 6 1 0 -1
12 9 3 1 0 2
haar_x2
4.000023e-005 0 -1
-3.673511e-001 4.338390e-001 
1
2
9 7 15 11 0 -1
14 7 5 11 0 3
haar_x3
3.610229e-002 0 -1
8.107471e-002 -4.461493e-001 
1
2
12 10 1 2 0 -1
12 11 1 1 0 2
haar_y2
-2.634262e-004 0 -1
-8.864577e-001 1.834429e-001 
1
2
10 12 6 1 0 -1
12 12 2 1 0 3
haar_x3
-1.699945e-003 0 -1
1.442616e-001 -1.543562e-001 
1
2
11 0 1 2 0 -1
11 1 1 1 0 2
haar_y2
2.324998e-004 0 -1
3.113639e-001 -6.001275e-001 
1
3
17 3 2 10 0 -1
18 3 1 5 0 2
17 8 1 5 0 2
haar_x2_y2
-1.348028e-003 0 -1
3.586904e-001 -2.534869e-001 
1
3
6 3 2 10 0 -1
6 3 1 5 0 2
7 8 1 5 0 2
haar_x2_y2
-1.097237e-003 0 -1
6.108859e-001 -3.056917e-001 
1
2
13 8 1 2 0 -1
13 9 1 1 0 2
haar_y2
-1.944956e-004 0 -1
-3.135967e-001 2.124267e-001 
1
2
2 0 3 19 0 -1
3 0 1 19 0 3
haar_x3
1.147500e-002 0 -1
-2.698060e-001 6.488919e-001 
-1.069055e+000

16
-1
