12
1
2
6 0 10 1 0 -1
11 0 5 1 0 2
haar_x2
-4.117636e-004 0 -1
-4.688799e-001 3.147629e-001 
1
2
12 10 1 2 0 -1
12 11 1 1 0 2
haar_y2
4.289130e-004 0 -1
1.269844e-001 -9.999989e-001 
1
2
7 22 2 2 0 -1
8 22 1 2 0 2
haar_x2
-3.360897e-004 0 -1
-6.319337e-001 2.005813e-001 
1
2
13 14 3 1 0 -1
14 14 1 1 0 3
haar_x3
2.914259e-003 0 -1
-1.554763e-001 6.726944e-001 
1
3
1 7 12 18 0 -1
1 7 6 9 0 2
7 16 6 9 0 2
haar_x2_y2
-3.531981e-002 0 -1
8.800898e-001 -1.746899e-001 
1
2
11 12 3 1 0 -1
12 12 1 1 0 3
haar_x3
8.387457e-004 0 -1
-2.630429e-001 5.636021e-001 
1
2
9 7 6 7 0 -1
12 7 3 7 0 2
haar_x2
1.475920e-002 0 -1
1.759819e-001 -8.115084e-001 
1
2
18 0 6 21 0 -1
20 0 2 21 0 3
haar_x3
-1.431349e-002 0 -1
2.320488e-001 -1.443196e-001 
1
3
10 9 2 6 0 -1
10 9 1 3 0 2
11 12 1 3 0 2
haar_x2_y2
-2.219527e-003 0 -1
7.173420e-001 -1.999880e-001 
1
2
15 9 2 2 0 -1
15 9 1 2 0 2
haar_x2
-8.898294e-005 0 -1
2.228814e-001 -1.539458e-001 
1
2
0 24 3 1 0 -1
1 24 1 1 0 3
haar_x3
3.924147e-004 0 -1
2.525505e-001 -5.874026e-001 
1
2
12 6 1 3 0 -1
12 7 1 1 0 3
haar_y3
-2.966217e-003 0 -1
8.287144e-001 -2.019081e-001 
-1.012022e+000

13
-1
