6
1
2
10 10 3 1 0 -1
11 10 1 1 0 3
haar_x3
-3.079003e-004 0 -1
-8.019801e-001 2.709030e-001 
1
2
11 9 2 2 0 -1
11 10 2 1 0 2
haar_y2
4.314939e-004 0 -1
1.766861e-001 -1.000002e+000 
1
2
11 6 2 2 0 -1
11 7 2 1 0 2
haar_y2
-2.999946e-003 0 -1
7.109684e-001 -3.571981e-001 
1
2
8 0 8 4 0 -1
8 2 8 2 0 2
haar_y2
1.546138e-003 0 -1
3.222059e-001 -7.039005e-001 
1
2
11 9 1 3 0 -1
11 10 1 1 0 3
haar_y3
-3.085566e-004 0 -1
-6.868039e-001 2.925118e-001 
1
3
11 12 2 2 0 -1
12 12 1 1 0 2
11 13 1 1 0 2
haar_x2_y2
1.246102e-003 0 -1
-3.217120e-001 7.578388e-001 
-6.427096e-001

4
-1
