5
3
3
1 6 6 12 0 -1
1 6 3 6 0 2
4 12 3 6 0 2
haar_x2_y2
-1.420438e-002 0 1
3
11 8 2 2 0 -1
11 8 1 1 0 2
12 9 1 1 0 2
haar_x2_y2
-8.651629e-004 -1 2
2
14 10 2 2 0 -1
14 11 2 1 0 2
haar_y2
-8.038706e-004 -2 -3
6.461539e-001 6.170215e-001 6.849319e-002 -7.866668e-001 
3
2
11 15 9 15 0 -1
11 20 9 5 0 3
haar_y3
7.996542e-002 1 0
3
10 13 14 8 0 -1
17 13 7 4 0 2
10 17 7 4 0 2
haar_x2_y2
-1.097589e-002 -1 2
2
15 16 1 2 0 -1
15 17 1 1 0 2
haar_y2
1.316050e-004 -2 -3
5.571873e-001 2.385706e-001 1.394191e-001 -6.903114e-001 
3
2
13 27 2 2 0 -1
13 28 2 1 0 2
haar_y2
-3.294010e-004 0 1
2
0 27 18 2 0 -1
0 28 18 1 0 2
haar_y2
2.362718e-003 2 -1
2
1 14 28 8 0 -1
1 18 28 4 0 2
haar_y2
-2.616991e-002 -2 -3
-8.481507e-001 -8.242715e-001 -7.860674e-001 5.895456e-001 
3
2
24 15 6 3 0 -1
26 15 2 3 0 3
haar_x3
1.204594e-002 2 1
2
20 26 4 1 0 -1
20 26 2 1 0 2
haar_x2
-1.677212e-005 0 -1
3
15 20 4 8 0 -1
17 20 2 4 0 2
15 24 2 4 0 2
haar_x2_y2
1.647941e-003 -2 -3
4.271871e-002 -3.035014e-001 -2.573424e-001 3.932310e-002 
3
2
0 15 6 3 0 -1
2 15 2 3 0 3
haar_x3
4.933677e-003 2 1
2
6 26 4 1 0 -1
8 26 2 1 0 2
haar_x2
-2.383531e-004 0 -1
3
14 9 2 4 0 -1
14 9 1 2 0 2
15 11 1 2 0 2
haar_x2_y2
1.131286e-003 -2 -3
-4.637348e-001 7.448040e-001 -6.394533e-001 5.069606e-001 
-7.836550e-001

6
-1
